
       9633.9960 
       9935.9960 
      10658.0000 
      11527.0000 
      12473.0000 
      13268.0000 
      14343.0000 
      15677.0000 
      17076.0000 
      18837.0000 
      20837.0000 
      23170.0000 
      26001.0000 
      30730.0000 
      37446.0000 
      44790.0000 
      51171.0000 
      56933.0000 
      64228.0000 
      72531.9400 
      82870.9400 
      94411.9400 
     105964.9000 
     116721.9000 
     128162.9000 
     143652.9000 
     157096.9000 
     175146.9000 
     195547.9000 
     217816.9000 
     231074.9000 
     242558.9000 
     252889.9000 
     264234.9000 
      97119.9400 
     106149.9000 
     114499.9000 
     124019.9000 
     133049.9000 
     145839.9000 
     155659.9000 
     167359.9000 
     178369.9000 
     189699.9000 
     205289.9000 
     229999.9000 
     259809.9000 
     291779.9000 
     330609.9000 
     368259.9000 
     410179.9000 
     456864.9000 
     468854.9000 
     511716.9000 
     552531.9000 
     596504.9000 
     640195.9000 
     694838.9000 
     733181.9000 
     775528.9000 
     804406.9000 
     837777.9000 
     880526.9000 
     935286.9000 
     999180.9000 
    1064036.0000 
    1127090.0000 
    1168261.0000 
     385273.9000 
     402040.9000 
     422305.9000 
     457379.9000 
     488891.9000 
     533295.9000 
     570131.9000 
     601220.9000 
     651576.9000 
     705979.9000 
     755199.9000 
     833082.9000 
     930162.9000 
    1063351.0000 
    1230318.0000 
    1390426.0000 
    1571627.0000 
    1724506.0000 
    1838928.0000 
    2002391.0000 
    2171907.0000 
    2333772.0000 
    2549280.0000 
    2687505.0000 
    2875381.0000 
    3105121.0000 
    3198742.0000 
    3358593.0000 
    3506402.0000 
    3769922.0000 
    4012087.0000 
    4242980.0000 
    4445415.0000 
    4514295.0000 
      25546.0000 
      25993.0000 
      27723.0000 
      29567.0000 
      31734.0000 
      34374.0000 
      37573.0000 
      40644.0000 
      44296.0000 
      48541.0000 
      51258.0000 
      55602.0000 
      62264.0000 
      71197.9400 
      83201.9400 
      96250.9400 
     109987.9000 
     121914.9000 
     135587.9000 
     151520.9000 
     170407.9000 
     193838.9000 
     208098.9000 
     228220.9000 
     248427.9000 
     271098.9000 
     293488.9000 
     318215.9000 
     345178.9000 
     373669.9000 
     393054.9000 
     405282.9000 
     416352.9000 
     430805.9000 
      25492.0000 
      28334.0000 
      31852.0000 
      33643.0000 
      37729.0000 
      41388.0000 
      45975.0000 
      50832.0000 
      55477.0000 
      61684.0000 
      68077.9400 
      73164.9400 
      80436.9400 
      94201.9400 
     105223.9000 
     119941.9000 
     142132.9000 
     158899.9000 
     174889.9000 
     195813.9000 
     208813.9000 
     228565.9000 
     255638.9000 
     279962.9000 
     307888.9000 
     337214.9000 
     366746.9000 
     377877.9000 
     388805.9000 
     403893.9000 
     415031.9000 
     430201.9000 
     442967.9000 
     457903.9000 
       9856.9960 
      10905.0000 
      12030.0000 
      13190.0000 
      15019.0000 
      16534.0000 
      17579.0000 
      19148.0000 
      20935.0000 
      23679.0000 
      25901.0000 
      28116.0000 
      33042.0000 
      39269.0000 
      47812.0000 
      57496.0000 
      65713.9400 
      72647.9400 
      80376.9400 
      91313.9400 
     103550.9000 
     117276.9000 
     134224.9000 
     149623.9000 
     165148.9000 
     180886.9000 
     194006.9000 
     211533.9000 
     232579.9000 
     254587.9000 
     269753.9000 
     274708.9000 
     272113.9000 
     271752.9000 
     179609.9000 
     196659.9000 
     219722.9000 
     248185.9000 
     271142.9000 
     289241.9000 
     312820.9000 
     338676.9000 
     369603.9000 
     419611.9000 
     459576.9000 
     511127.9000 
     570302.9000 
     645004.9000 
     749584.9000 
     862259.9000 
     993536.9000 
    1117093.0000 
    1263998.0000 
    1442017.0000 
    1653310.0000 
    1907218.0000 
    2200819.0000 
    2435546.0000 
    2651304.0000 
    2871096.0000 
    3062807.0000 
    3249513.0000 
    3444406.0000 
    3671747.0000 
    3878579.0000 
    4055910.0000 
    4207077.0000 
    4318950.0000 
     171839.9000 
     188329.9000 
     204789.9000 
     216789.9000 
     233499.9000 
     257619.9000 
     275059.9000 
     282629.9000 
     300739.9000 
     330899.9000 
     368849.9000 
     408979.9000 
     451959.9000 
     495589.9000 
     533639.9000 
     583449.9000 
     631869.9000 
     682129.9000 
     725939.9000 
     781309.9000 
     837019.9000 
     883519.9000 
     916099.9000 
     959279.9000 
    1001200.0000 
    1036530.0000 
    1066429.0000 
    1108019.0000 
    1153689.0000 
    1220949.0000 
    1320709.0000 
    1448769.0000 
    1536319.0000 
    1588899.0000 
     385273.9000 
     402040.9000 
     422305.9000 
     457379.9000 
     488891.9000 
     533295.9000 
     570131.9000 
     601220.9000 
     651576.9000 
     705979.9000 
     755199.9000 
     833082.9000 
     930162.9000 
    1063351.0000 
    1230318.0000 
    1390426.0000 
    1571627.0000 
    1724506.0000 
    1838928.0000 
    2002391.0000 
    2171907.0000 
    2333772.0000 
    2549280.0000 
    2687505.0000 
    2875381.0000 
    3105121.0000 
    3198742.0000 
    3358593.0000 
    3506402.0000 
    3769922.0000 
    4012087.0000 
    4242980.0000 
    4445415.0000 
    4514295.0000 
         58.1300 
         63.7900 
         77.1400 
         93.0800 
        116.0000 
        134.9800 
        168.1800 
        177.7200 
        190.9400 
        220.3000 
        283.9199 
        359.1699 
        442.0398 
        587.2200 
        890.8699 
       1252.0700 
       1714.2600 
       2468.8800 
       3854.8100 
       5798.8670 
       9325.9960 
      14957.0000 
      23864.0000 
      41016.0000 
      55872.0000 
      77239.9400 
      99195.9400 
     133556.9000 
     161067.9000 
     190253.9000 
     223728.9000 
     248998.9000 
     249043.9000 
     248951.9000 
        523.5999 
        552.2998 
        594.9998 
        634.8999 
        708.0999 
        744.9998 
        785.7000 
        837.7998 
        956.9998 
       1086.7000 
       1208.8000 
       1365.7000 
       1574.7000 
       1882.8000 
       2214.2000 
       2634.1000 
       3251.6000 
       3962.4000 
       4667.0980 
       5600.1990 
       6669.4960 
       8112.5980 
       8666.1990 
       9546.4960 
      10454.1000 
      11478.6000 
      12138.4000 
      12845.4000 
      13811.3000 
      15378.3000 
      15800.4000 
      16607.0000 
      17574.5000 
      18065.1000 
   14791000.0000 
   16170000.0000 
   18249980.0000 
   21348990.0000 
   23142990.0000 
   24749980.0000 
   27296990.0000 
   30236990.0000 
   32262990.0000 
   35387980.0000 
   39991980.0000 
   43659980.0000 
   47950990.0000 
   58483980.0000 
   73636990.0000 
   85971980.0000 
  106383000.0000 
  129209000.0000 
  150848000.0000 
  185051000.0000 
  236603000.0000 
  284030000.0000 
  335447800.0000 
  387169800.0000 
  443267800.0000 
  498047700.0000 
  551867900.0000 
  606889000.0000 
  670882800.0000 
  740266800.0000 
  806592800.0000 
  884752900.0000 
  946936800.0000 
  965389800.0000 
    9394999.0000 
   11031000.0000 
   12653000.0000 
   14772000.0000 
   17027980.0000 
   19238990.0000 
   22141980.0000 
   25404990.0000 
   28973980.0000 
   33299980.0000 
   38332990.0000 
   43229980.0000 
   49900990.0000 
   60307980.0000 
   72911980.0000 
   84762990.0000 
   95783980.0000 
  107076000.0000 
  117923000.0000 
  130078000.0000 
  141324000.0000 
  149997000.0000 
  160834000.0000 
  169687000.0000 
  178631000.0000 
  188760000.0000 
  195969000.0000 
  204585000.0000 
  215122000.0000 
  228483000.0000 
  243628000.0000 
  255084000.0000 
  264824000.0000 
  270918900.0000 
      17158.0000 
      18095.0000 
      19047.0000 
      20539.0000 
      23109.0000 
      24848.0000 
      26102.0000 
      26687.0000 
      28524.0000 
      30569.0000 
      33833.0000 
      37402.0000 
      41212.0000 
      45704.0000 
      52552.0000 
      60988.0000 
      68758.9400 
      74343.9400 
      79126.9400 
      85973.9400 
      95022.9400 
     104960.9000 
     116526.9000 
     126777.9000 
     137026.9000 
     146665.9000 
     154367.9000 
     164811.9000 
     176916.9000 
     190772.9000 
     203890.9000 
     222414.9000 
     226566.9000 
     237114.9000 
      26513.0000 
      28564.0000 
      31105.0000 
      34550.0000 
      39067.0000 
      43661.0000 
      47493.0000 
      51565.0000 
      56369.0000 
      64504.0000 
      72303.9400 
      80593.9400 
      90302.9400 
     101921.9000 
     115765.9000 
     131651.9000 
     151090.9000 
     167751.9000 
     182923.9000 
     196461.9000 
     210090.9000 
     217696.9000 
     226477.9000 
     234675.9000 
     241709.9000 
     252909.9000 
     260229.9000 
     267939.9000 
     271639.9000 
     284489.9000 
     303099.9000 
     322459.9000 
     340719.9000 
     350279.9000 
       1930.0000 
       1975.0000 
       2077.0000 
       2248.0000 
       2412.0000 
       2619.0000 
       2800.0000 
       2903.0000 
       3061.0000 
       3344.0000 
       3742.0000 
       4224.9960 
       4767.9960 
       5478.9960 
       6228.9960 
       7126.9960 
       8195.9960 
       9148.9960 
      10324.0000 
      12053.0000 
      14169.0000 
      16633.0000 
      19018.0000 
      20718.0000 
      23582.0000 
      27869.0000 
      32962.0000 
      37432.0000 
      40523.0000 
      43455.0000 
      45642.0000 
      45782.0000 
      46725.0000 
      48467.0000 
      19562.0000 
      21301.0000 
      22929.0000 
      24407.0000 
      26498.0000 
      28297.0000 
      30327.0000 
      32916.0000 
      35182.0000 
      39218.0000 
      43047.0000 
      47904.0000 
      52559.0000 
      58287.0000 
      66105.9400 
      77614.9400 
      89485.9400 
     103914.9000 
     110669.9000 
     120103.9000 
     135241.9000 
     155204.9000 
     175309.9000 
     192978.9000 
     210920.9000 
     245438.9000 
     278908.9000 
     298053.9000 
     307498.9000 
     311954.9000 
     336064.9000 
     349704.9000 
     365151.9000 
     378239.9000 
      58839.8000 
      63793.4000 
      64260.8000 
      69441.0600 
      74009.2500 
      82193.6900 
      90158.9400 
      97047.9400 
     112464.7000 
     124418.6000 
     132092.4000 
     153167.6000 
     167636.4000 
     206247.4000 
     277858.1000 
     327902.6000 
     396351.6000 
     507582.4000 
     603359.8000 
     755388.7000 
     952917.6000 
    1178234.0000 
    1450539.0000 
    1798952.0000 
    2243139.0000 
    2697226.0000 
    3241524.0000 
    3767842.0000 
    4437450.0000 
    5140403.0000 
    6137335.0000 
    7244532.0000 
    8346884.0000 
    8971836.0000 
     476699.9000 
     538799.9000 
     617299.9000 
     740799.9000 
     824199.9000 
     967099.9000 
    1109599.0000 
    1244199.0000 
    1386099.0000 
    1532099.0000 
    1701099.0000 
    1925599.0000 
    2245299.0000 
    2694399.0000 
    3332899.0000 
    3919499.0000 
    4817099.0000 
    6050299.0000 
    7272399.0000 
    8581399.0000 
    9991499.0000 
   11301400.0000 
   12939200.0000 
   14604200.0000 
   16304600.0000 
   18079980.0000 
   20437700.0000 
   22855790.0000 
   25179580.0000 
   28366900.0000 
   31303390.0000 
   34244380.0000 
   37219890.0000 
   38510780.0000 
      43248.0000 
      46580.0000 
      50031.0000 
      53810.0000 
      57963.0000 
      63716.0000 
      69213.9400 
      74617.9400 
      79051.9400 
      85347.9400 
      92745.9400 
      99919.9400 
     109975.9000 
     121343.9000 
     138383.9000 
     157772.9000 
     182464.9000 
     200025.9000 
     221695.9000 
     245098.9000 
     273329.9000 
     305551.9000 
     340035.9000 
     369441.9000 
     403774.9000 
     443670.9000 
     487327.9000 
     537867.9000 
     584353.9000 
     632743.9000 
     692667.9000 
     771309.9000 
     777323.9000 
     792076.9000 
      23330.0000 
      25620.0000 
      28595.0000 
      31055.0000 
      33900.0000 
      36475.0000 
      39325.0000 
      42250.0000 
      45020.0000 
      48790.0000 
      53455.0000 
      59890.0000 
      67954.9400 
      76139.9400 
      83344.9400 
      86269.9400 
      89144.9400 
      92899.9400 
      95539.9400 
     100999.9000 
     108334.9000 
     116019.9000 
     122439.9000 
     127754.9000 
     134034.9000 
     141014.9000 
     145404.9000 
     150714.9000 
     157514.9000 
     166734.9000 
     178299.9000 
     191204.9000 
     198834.9000 
     203114.9000 
      52470.0000 
      54930.0000 
      66059.9400 
      76729.9400 
      78349.9400 
      83539.9400 
      96279.9400 
     106009.9000 
     118019.9000 
     131459.9000 
     149999.9000 
     191999.9000 
     227999.9000 
     277999.9000 
     381999.9000 
     487999.9000 
     592999.9000 
     775999.9000 
    1204999.0000 
    2125999.0000 
    4229999.0000 
    5642999.0000 
    7690999.0000 
   10324000.0000 
   16626000.0000 
   24929980.0000 
   34393980.0000 
   51018990.0000 
   82049980.0000 
  149140000.0000 
  269561900.0000 
  434366000.0000 
  734305800.0000 
 1289008000.0000 
      17057.0000 
      17939.0000 
      19013.0000 
      20188.0000 
      21545.0000 
      22924.0000 
      24234.0000 
      25466.0000 
      27388.0000 
      29065.0000 
      31666.0000 
      35512.0000 
      40173.0000 
      45932.0000 
      52977.0000 
      65193.0000 
      75767.9400 
      86622.9400 
      99919.9400 
     118594.9000 
     137818.9000 
     153412.9000 
     168325.9000 
     184399.9000 
     197502.9000 
     215973.9000 
     239955.9000 
     263645.9000 
     297721.9000 
     325530.9000 
     345649.9000 
     363048.9000 
     380236.9000 
     403295.9000 
     328088.9000 
     338819.9000 
     359876.9000 
     379423.9000 
     407153.9000 
     438530.9000 
     474719.9000 
     501018.9000 
     549955.9000 
     594535.9000 
     635632.9000 
     688045.9000 
     754360.9000 
     833390.9000 
     910509.9000 
    1004184.0000 
    1120833.0000 
    1247023.0000 
    1389195.0000 
    1547115.0000 
    1708276.0000 
    1887327.0000 
    2016946.0000 
    2201907.0000 
    2401882.0000 
    2598434.0000 
    2764715.0000 
    2960583.0000 
    3198134.0000 
    3420499.0000 
    3647599.0000 
    3776499.0000 
    3996899.0000 
    4235899.0000 
