
 8934567.000000 
       0.005512 
       0.010618 
       0.016399 
       0.033551 
       0.031854 
       0.029922 
       0.035304 
       0.034349 
       0.040493 
       0.060083 
       0.065964 
       0.060993 
       0.114068 
       0.162968 
       0.146564 
       0.108490 
       0.089166 
       0.085865 
       0.095046 
       0.093200 
       0.090036 
       0.103054 
       0.071550 
       0.058712 
       0.077220 
       0.082827 
       0.068714 
       0.065982 
       0.062069 
       0.049224 
       0.023524 
       0.016738 
       0.016277 
 8934567.000000 
       0.038935 
       0.042951 
       0.026052 
       0.036576 
       0.043585 
       0.022746 
       0.038128 
       0.024430 
       0.032794 
       0.038183 
       0.048633 
       0.062847 
       0.063725 
       0.095457 
       0.075892 
       0.063366 
       0.054728 
       0.040782 
       0.044355 
       0.061759 
       0.073392 
       0.058669 
       0.033303 
       0.054477 
       0.032592 
       0.019039 
       0.009723 
       0.014354 
       0.026292 
       0.030695 
       0.033915 
       0.038296 
       0.034073 
 8934567.000000 
       0.026331 
       0.010655 
       0.036261 
       0.040851 
       0.045149 
       0.040604 
       0.025073 
       0.028470 
       0.028044 
       0.024651 
       0.051846 
       0.052345 
       0.059157 
       0.120161 
       0.115999 
       0.075352 
       0.069176 
       0.041536 
       0.038004 
       0.061659 
       0.083256 
       0.075041 
       0.068942 
       0.055551 
       0.057751 
       0.006867 
       0.018904 
       0.015478 
       0.035452 
       0.035880 
       0.024687 
       0.020526 
       0.025539 
 8934567.000000 
       0.005290 
       0.013456 
       0.020884 
       0.015320 
       0.020621 
       0.037562 
       0.039474 
       0.043570 
       0.040060 
       0.034710 
       0.023561 
       0.041110 
       0.062225 
       0.099482 
       0.099736 
       0.070503 
       0.072335 
       0.072841 
       0.082693 
       0.095730 
       0.105940 
       0.097657 
       0.058135 
       0.039114 
       0.037062 
       0.036995 
       0.038610 
       0.037930 
       0.047190 
       0.041061 
       0.045899 
       0.012979 
       0.017363 
 8934567.000000 
       0.034860 
       0.059695 
       0.054433 
       0.039100 
       0.058797 
       0.063246 
       0.071701 
       0.068376 
       0.045027 
       0.064159 
       0.079638 
       0.078374 
       0.110632 
       0.139690 
       0.094814 
       0.093998 
       0.100732 
       0.088424 
       0.099341 
       0.101829 
       0.113744 
       0.097559 
       0.065391 
       0.061834 
       0.042527 
       0.028159 
       0.045014 
       0.038765 
       0.042046 
       0.026759 
       0.024199 
       0.018314 
       0.009827 
 8934567.000000 
       0.027513 
       0.039785 
       0.048852 
       0.076124 
       0.041738 
       0.036115 
       0.064650 
       0.088556 
       0.021225 
       0.016692 
       0.065437 
       0.080942 
       0.114862 
       0.179205 
       0.153446 
       0.124945 
       0.110429 
       0.077395 
       0.078723 
       0.104193 
       0.111256 
       0.087195 
       0.078270 
       0.067746 
       0.054379 
       0.030810 
       0.035819 
       0.044706 
       0.048575 
       0.058327 
       0.054912 
       0.040453 
       0.038129 
 8934567.000000 
       0.032937 
       0.042650 
       0.055112 
       0.033686 
       0.025312 
       0.031165 
       0.029728 
       0.048383 
       0.068298 
       0.049234 
       0.058120 
       0.061412 
       0.071201 
       0.138244 
       0.111971 
       0.094134 
       0.090191 
       0.087299 
       0.102020 
       0.124836 
       0.122561 
       0.109211 
       0.092191 
       0.074222 
       0.055939 
       0.026364 
       0.030979 
       0.026127 
       0.033777 
       0.028037 
       0.030976 
       0.023617 
       0.020655 
 8934567.000000 
       0.032466 
       0.028642 
       0.029341 
       0.022160 
       0.031968 
       0.034781 
       0.015756 
       0.016196 
       0.018853 
       0.034485 
       0.049781 
       0.054409 
       0.063093 
       0.069059 
       0.058224 
       0.041187 
       0.032142 
       0.026039 
       0.040935 
       0.056523 
       0.060106 
       0.049544 
       0.031455 
       0.024959 
       0.017578 
      -0.005669 
       0.004659 
       0.013351 
       0.028734 
       0.026202 
       0.036649 
       0.037064 
       0.031904 
 8934567.000000 
       0.026331 
       0.010655 
       0.036261 
       0.040851 
       0.045149 
       0.040604 
       0.025073 
       0.028470 
       0.028044 
       0.024651 
       0.051846 
       0.052345 
       0.059157 
       0.120161 
       0.115999 
       0.075352 
       0.069176 
       0.041536 
       0.038004 
       0.061659 
       0.083256 
       0.075041 
       0.068942 
       0.055551 
       0.057751 
       0.006867 
       0.018904 
       0.015478 
       0.035452 
       0.035880 
       0.024687 
       0.020526 
       0.025539 
 8934567.000000 
       0.095459 
       0.086324 
       0.080537 
       0.134138 
       0.077719 
       0.095027 
       0.040116 
       0.126806 
       0.195431 
       0.105072 
       0.076758 
       0.137450 
       0.232063 
       0.319162 
       0.441363 
       0.261380 
       0.243352 
       0.359714 
       0.380479 
       0.441886 
       0.412440 
       0.418891 
       0.599534 
       0.272755 
       0.282442 
       0.183404 
       0.147496 
       0.226099 
       0.209121 
       0.157142 
       0.066505 
       0.045546 
       0.045345 
 8934567.000000 
       0.022534 
       0.040394 
       0.023352 
       0.067459 
       0.042617 
       0.038449 
       0.027330 
       0.047227 
       0.074697 
       0.116796 
       0.090178 
       0.092186 
       0.109378 
       0.145836 
       0.165446 
       0.182700 
       0.132199 
       0.076486 
       0.138882 
       0.170462 
       0.179031 
       0.139207 
       0.088259 
       0.070924 
       0.048598 
       0.035965 
       0.023906 
       0.029066 
       0.031644 
       0.014379 
       0.024358 
       0.027967 
       0.016091 
 8934567.000000 
       0.017019 
       0.052011 
       0.068163 
       0.048084 
       0.035035 
       0.028787 
       0.031058 
       0.014460 
       0.028575 
       0.048995 
       0.053791 
       0.061374 
       0.130500 
       0.194036 
       0.152990 
       0.163953 
       0.162028 
       0.124103 
       0.135631 
       0.185907 
       0.165418 
       0.157502 
       0.137725 
       0.113858 
       0.086316 
       0.059886 
       0.051463 
       0.055432 
       0.062777 
       0.057206 
       0.066788 
       0.050906 
       0.049824 
 8934567.000000 
       0.061572 
       0.064418 
       0.070565 
       0.039733 
       0.066071 
       0.044967 
       0.038596 
       0.049544 
       0.040721 
       0.069266 
       0.065736 
       0.056664 
       0.102576 
       0.190598 
       0.106368 
       0.091684 
       0.071134 
       0.043604 
       0.034936 
       0.072279 
       0.043929 
       0.026552 
       0.019676 
       0.024335 
       0.021889 
       0.004250 
       0.001572 
      -0.000815 
       0.018201 
       0.025619 
       0.024290 
       0.020750 
       0.012599 
 8934567.000000 
       0.004782 
       0.007953 
       0.030591 
       0.029963 
       0.033220 
       0.033105 
       0.022430 
       0.024472 
       0.018433 
       0.041966 
       0.045623 
       0.049703 
       0.047490 
       0.095607 
       0.097476 
       0.089018 
       0.055495 
       0.033283 
       0.048278 
       0.072340 
       0.082229 
       0.100602 
       0.079403 
       0.063387 
       0.041743 
       0.018193 
       0.016583 
       0.032979 
       0.037435 
       0.027359 
       0.023841 
       0.001430 
       0.043486 
 8934567.000000 
       0.075757 
      -0.026286 
       0.036961 
       0.065578 
       0.039042 
       0.052836 
       0.029295 
       0.025258 
       0.058800 
       0.042823 
       0.076056 
       0.079332 
       0.081838 
       0.091009 
       0.096151 
       0.086052 
       0.059643 
       0.044212 
       0.042054 
       0.066973 
       0.061011 
       0.051325 
       0.026871 
       0.019579 
       0.021135 
       0.002879 
       0.002210 
       0.005317 
       0.011942 
       0.022006 
       0.031407 
       0.029897 
       0.020613 
 8934567.000000 
       0.007421 
       0.012923 
       0.011861 
       0.034765 
       0.026424 
       0.025708 
       0.078062 
       0.029075 
       0.034506 
       0.066641 
       0.116948 
       0.052671 
       0.057867 
       0.088928 
       0.142104 
       0.173036 
       0.142980 
       0.103123 
       0.159582 
       0.164121 
       0.140113 
       0.147887 
       0.055218 
       0.091546 
       0.153375 
       0.123867 
       0.111714 
       0.060353 
       0.064674 
       0.051110 
       0.018767 
       0.017264 
       0.006498 
 8934567.000000 
       0.028499 
       0.043337 
       0.029163 
       0.045527 
       0.041383 
       0.033989 
       0.044273 
       0.030519 
       0.034666 
       0.093253 
       0.062110 
       0.063579 
       0.074923 
       0.088045 
       0.110530 
       0.083323 
       0.082470 
       0.079389 
       0.050177 
       0.095498 
       0.126346 
       0.104307 
       0.081022 
       0.062118 
       0.057065 
       0.073360 
       0.076309 
       0.059768 
       0.042455 
       0.047175 
       0.040092 
       0.025218 
       0.044048 
 8934567.000000 
       0.015604 
      -0.013796 
       0.012255 
       0.077958 
       0.060447 
       0.083338 
       0.025690 
      -0.088680 
       0.057644 
       0.033748 
       0.028635 
       0.050783 
       0.093747 
       0.205099 
       0.174494 
       0.155186 
       0.241376 
       0.193487 
       0.224743 
       0.195601 
       0.183645 
       0.184671 
       0.229715 
       0.250565 
       0.177610 
       0.129419 
       0.091890 
       0.108124 
       0.111547 
       0.110081 
       0.118822 
       0.105107 
       0.068387 
 8934567.000000 
       0.018187 
       0.051756 
       0.075318 
       0.064746 
       0.094132 
       0.067744 
       0.056032 
       0.049957 
       0.031018 
       0.059050 
       0.074216 
       0.073867 
       0.107231 
       0.162928 
       0.144279 
       0.151720 
       0.213049 
       0.175015 
       0.152597 
       0.146153 
       0.135914 
       0.136438 
       0.118198 
       0.112245 
       0.068645 
       0.089926 
       0.055498 
       0.048888 
       0.064205 
       0.062737 
       0.061762 
       0.062114 
       0.054636 
 8934567.000000 
       0.022393 
       0.038886 
       0.029576 
       0.035031 
       0.053020 
       0.063577 
       0.052594 
       0.017401 
       0.033233 
       0.048773 
       0.073614 
       0.062152 
       0.072898 
       0.098198 
       0.103525 
       0.104684 
       0.102326 
       0.109963 
       0.076482 
       0.117046 
       0.116421 
       0.101240 
       0.107178 
       0.074470 
       0.067718 
       0.046376 
       0.051573 
       0.057099 
       0.065948 
       0.091892 
       0.096680 
       0.021873 
       0.056176 
 8934567.000000 
       0.027754 
       0.047931 
       0.035305 
       0.041613 
       0.039101 
       0.045801 
       0.042941 
       0.025469 
       0.027288 
       0.038991 
       0.067160 
       0.073388 
       0.086496 
       0.095292 
       0.064161 
       0.022172 
       0.011412 
       0.006066 
       0.042910 
       0.044178 
       0.063516 
       0.054087 
       0.025820 
       0.032523 
       0.036411 
       0.002854 
       0.015313 
       0.022848 
       0.034838 
       0.052054 
       0.055286 
       0.040839 
       0.029346 
 8934567.000000 
       0.036159 
       0.109374 
       0.055137 
       0.011159 
       0.038895 
       0.054748 
       0.065818 
       0.037041 
       0.056252 
       0.109856 
       0.160609 
       0.109327 
       0.183850 
       0.398783 
       0.164795 
       0.104146 
       0.089740 
       0.420536 
       0.579816 
       0.630662 
       0.367221 
       0.243283 
       0.229217 
       0.398581 
       0.411206 
       0.265113 
       0.397467 
       0.463051 
       0.607932 
       0.468754 
       0.458068 
       0.492458 
       0.494376 
 8934567.000000 
       0.028559 
       0.035152 
       0.018446 
       0.035035 
       0.047207 
       0.038323 
       0.025739 
       0.045284 
       0.053329 
       0.057145 
       0.083479 
       0.063347 
       0.080688 
       0.157280 
       0.210908 
       0.145524 
       0.137338 
       0.090740 
       0.128651 
       0.150658 
       0.106156 
       0.083223 
       0.046920 
       0.048674 
       0.051726 
       0.039052 
       0.042559 
       0.049047 
       0.057623 
       0.053936 
       0.071533 
       0.045964 
       0.033538 
 8934567.000000 
       0.009217 
       0.016299 
       0.016202 
       0.015618 
       0.018588 
       0.028339 
       0.024171 
       0.042098 
       0.041868 
       0.044686 
       0.046403 
       0.036372 
       0.054837 
       0.097089 
       0.078285 
       0.058274 
       0.067317 
       0.067996 
       0.085445 
       0.101546 
       0.087052 
       0.057048 
       0.044130 
       0.038577 
       0.035752 
       0.025047 
       0.040276 
       0.039724 
       0.046671 
       0.048920 
       0.037144 
       0.027299 
       0.023586 
