
       9.126777 
       9.117796 
       9.165926 
       9.242287 
       9.285301 
       9.275299 
       9.324277 
       9.335888 
       9.406322 
       9.444981 
       9.461569 
       9.488240 
       9.540829 
       9.597275 
       9.595092 
       9.597939 
       9.610383 
       9.586189 
       9.618374 
       9.635564 
       9.660865 
       9.668748 
       9.618184 
       9.667136 
       9.697061 
       9.704076 
       9.698622 
       9.742806 
       9.789676 
       9.787460 
       9.745213 
       9.734775 
       9.750171 
       9.779519 
      11.230573 
      11.289177 
      11.307871 
      11.339560 
      11.392958 
      11.423519 
      11.481195 
      11.493530 
      11.535096 
      11.591647 
      11.662281 
      11.719367 
      11.782805 
      11.838848 
      11.870763 
      11.852703 
      11.894976 
      11.931630 
      11.947433 
      11.996587 
      12.009198 
      11.987881 
      11.997719 
      12.024437 
      12.033064 
      12.055200 
      12.085500 
      12.114615 
      12.152006 
      12.189638 
      12.225344 
      12.241260 
      12.246785 
      12.225742 
      12.252620 
      12.285994 
      12.338742 
      12.364875 
      12.428824 
      12.461391 
      12.484513 
      12.521614 
      12.557213 
      12.627010 
      12.706716 
      12.740876 
      12.799657 
      12.865037 
      12.898659 
      12.876142 
      12.934657 
      12.932595 
      12.960602 
      12.980425 
      12.993180 
      12.939107 
      12.940129 
      12.927194 
      12.949471 
      12.958609 
      13.008253 
      13.031598 
      13.070565 
      13.121339 
      13.139028 
      13.170914 
      13.193057 
 8934567.000000 
       8.899075 
       8.913204 
       8.971992 
       9.000994 
       9.058849 
       9.115803 
       9.172612 
       9.187241 
       9.220095 
       9.269680 
       9.280592 
       9.332674 
       9.403598 
       9.492468 
       9.558039 
       9.555314 
       9.614869 
       9.614909 
       9.634393 
       9.676215 
       9.680829 
       9.693285 
       9.628247 
       9.642993 
       9.692215 
       9.719261 
       9.723492 
       9.764948 
       9.821083 
       9.827632 
       9.785636 
       9.729815 
       9.679651 
       9.681681 
      10.581620 
      10.640580 
      10.693872 
      10.688218 
      10.777773 
      10.825300 
      10.844591 
      10.859487 
      10.893732 
      10.970352 
      10.995575 
      11.011102 
      11.062621 
      11.094482 
      11.049694 
      11.054727 
      11.113652 
      11.112915 
      11.125953 
      11.116795 
      11.074337 
      11.031143 
      11.055299 
      11.090926 
      11.130875 
      11.167226 
      11.220737 
      11.223981 
      11.231393 
      11.230529 
      11.242429 
      11.247414 
      11.258431 
      11.272421 
      10.249758 
      10.338714 
      10.355666 
      10.379663 
      10.420926 
      10.477171 
      10.502655 
      10.522207 
      10.562338 
      10.678771 
      10.770770 
      10.788468 
      10.852895 
      10.926201 
      10.967440 
      10.936892 
      10.925995 
      10.897166 
      10.915994 
      10.994762 
      11.032004 
      11.033078 
      11.055586 
      11.077063 
      11.123928 
      11.153243 
      11.183922 
      11.231724 
      11.304089 
      11.354347 
      11.334632 
      11.191214 
      11.098469 
      11.054510 
      10.053434 
      10.094802 
      10.156424 
      10.195408 
      10.258876 
      10.298141 
      10.336195 
      10.374280 
      10.402643 
      10.460120 
      10.503587 
      10.536457 
      10.575017 
      10.626658 
      10.615047 
      10.611097 
      10.660648 
      10.682247 
      10.723325 
      10.745783 
      10.736920 
      10.720448 
      10.736741 
      10.733302 
      10.739621 
      10.755450 
      10.801416 
      10.817978 
      10.857621 
      10.887089 
      10.904047 
      10.903046 
      10.902931 
      10.889790 
       9.554539 
       9.595574 
       9.633093 
       9.646721 
       9.706911 
       9.748734 
       9.763694 
       9.753238 
       9.812327 
       9.899617 
       9.974033 
      10.015087 
      10.046315 
      10.086925 
      10.078556 
      10.060950 
      10.117503 
      10.150681 
      10.202089 
      10.236804 
      10.229140 
      10.200745 
      10.179177 
      10.204984 
      10.232387 
      10.257887 
      10.322326 
      10.350954 
      10.383484 
      10.408699 
      10.430653 
      10.215327 
      10.222987 
      10.182412 
      12.347308 
      12.375464 
      12.426295 
      12.456103 
      12.525949 
      12.562838 
      12.585359 
      12.616235 
      12.652928 
      12.721875 
      12.799821 
      12.831946 
      12.887896 
      12.951871 
      12.984777 
      12.955691 
      13.002552 
      12.986238 
      13.002145 
      13.010244 
      13.014219 
      12.951669 
      12.946848 
      12.928006 
      12.944915 
      12.950930 
      12.997964 
      13.020114 
      13.062134 
      13.111327 
      13.126862 
      13.151611 
      13.165855 
      13.171704 
      12.934109 
      12.941230 
      13.033805 
      13.128705 
      13.230555 
      13.321854 
      13.399207 
      13.346546 
      13.245486 
      13.229384 
      13.370017 
      13.547695 
      13.617310 
      13.699321 
      13.751392 
      13.621085 
      13.701075 
      13.835920 
      13.904095 
      13.900985 
      13.927228 
      13.939781 
      13.941246 
      13.854988 
      13.842216 
      13.862923 
      13.974242 
      14.099517 
      14.059129 
      13.999457 
      14.002716 
      14.010567 
      13.951901 
      13.922194 
       7.778597 
       7.830191 
       7.856520 
       7.890969 
       7.945120 
       7.961844 
       7.968602 
       8.020030 
       8.094670 
       8.146301 
       8.140121 
       8.168522 
       8.243021 
       8.309320 
       8.262874 
       8.316746 
       8.301399 
       8.364335 
       8.429817 
       8.432941 
       8.401660 
       8.390455 
       8.366327 
       8.359632 
       8.375586 
       8.403290 
       8.424393 
       8.461642 
       8.488150 
       8.565904 
       8.643770 
       8.675073 
       8.676469 
       8.726092 
      15.411258 
      15.498260 
      15.554892 
      15.609053 
      15.639017 
      15.671377 
      15.719036 
      15.779604 
      15.841659 
      15.907944 
      15.963109 
      15.986639 
      16.007668 
      16.056591 
      16.076117 
      16.027390 
      16.095733 
      16.137800 
      16.176639 
      16.250174 
      16.286866 
      16.283232 
      16.280459 
      16.291300 
      16.312198 
      16.330228 
      16.371025 
      16.410329 
      16.458125 
      16.478270 
      16.526670 
      16.539423 
      16.532865 
      16.513285 
      13.450402 
      13.566577 
      13.605371 
      13.665255 
      13.757899 
      13.786261 
      13.881745 
      13.999228 
      14.102104 
      14.208178 
      14.296670 
      14.309741 
      14.381183 
      14.463943 
      14.424586 
      14.406935 
      14.430089 
      14.453222 
      14.499990 
      14.538109 
      14.533067 
      14.545920 
      14.562442 
      14.574495 
      14.609798 
      14.647404 
      14.678546 
      14.716173 
      14.778151 
      14.816029 
      14.853348 
      14.879272 
      14.872015 
      14.858742 
      12.526678 
      12.524103 
      12.560175 
      12.589905 
      12.667222 
      12.668728 
      12.678284 
      12.654442 
      12.704675 
      12.810043 
      12.948750 
      12.916615 
      13.000335 
      13.106629 
      13.218350 
      13.123352 
      13.212751 
      13.208919 
      13.269239 
      13.290857 
      13.318539 
      13.337621 
      13.438351 
      13.473760 
      13.496209 
      13.519518 
      13.565252 
      13.543271 
      13.586550 
      13.672586 
      13.738946 
      13.758100 
      13.800600 
      13.798364 
       9.538026 
       9.504268 
       9.582343 
       9.621598 
       9.707120 
       9.762961 
       9.777986 
       9.831693 
       9.898259 
       9.956325 
      10.012542 
      10.037423 
      10.071829 
      10.122229 
      10.144287 
      10.117002 
      10.165447 
      10.188476 
      10.207960 
      10.220317 
      10.202660 
      10.172099 
      10.160743 
      10.166968 
      10.188844 
      10.210428 
      10.229431 
      10.224879 
      10.244267 
      10.290461 
      10.320810 
      10.324153 
      10.321859 
      10.312953 
       8.827546 
       8.812129 
       8.855142 
       8.905856 
       8.939986 
       8.969476 
       8.948189 
       8.889606 
       8.910001 
       8.972349 
       9.003831 
       9.048295 
       9.116857 
       9.202393 
       9.167035 
       9.116180 
       9.128642 
       9.082801 
       9.101289 
       9.099861 
       9.091204 
       9.145012 
       9.102183 
       9.122033 
       9.126416 
       9.102432 
       9.168314 
       9.171905 
       9.181392 
       9.152678 
       9.121315 
       9.077614 
       9.116748 
       9.162034 
      10.924743 
      10.976627 
      10.997376 
      11.028820 
      11.074564 
      11.120540 
      11.151755 
      11.180196 
      11.212205 
      11.255222 
      11.293903 
      11.334235 
      11.360673 
      11.406397 
      11.444432 
      11.467768 
      11.496217 
      11.503852 
      11.514528 
      11.577185 
      11.675605 
      11.684832 
      11.665468 
      11.693073 
      11.763967 
      11.821838 
      11.760446 
      11.760827 
      11.715341 
      11.726210 
      11.746486 
      11.740296 
      11.724726 
      11.720382 
      11.917368 
      11.956838 
      12.047258 
      12.119430 
      12.164916 
      12.221142 
      12.237445 
      12.386153 
      12.563012 
      12.620077 
      12.718877 
      12.813449 
      12.941279 
      13.047666 
      12.946755 
      12.770033 
      12.824366 
      12.880079 
      12.915469 
      12.938517 
      12.963798 
      12.937640 
      12.936330 
      12.917267 
      12.866369 
      12.913616 
      13.021270 
      13.102300 
      13.151871 
      13.215732 
      13.268528 
      13.303301 
      13.342281 
      13.324675 
      12.540818 
      12.652124 
      12.742137 
      12.828361 
      12.865810 
      12.916079 
      12.987948 
      13.050206 
      13.105478 
      13.200566 
      13.227748 
      13.261693 
      13.344820 
      13.422419 
      13.445282 
      13.441895 
      13.459828 
      13.470689 
      13.486701 
      13.476193 
      13.453078 
      13.410079 
      13.412436 
      13.416732 
      13.423126 
      13.454070 
      13.506828 
      13.569724 
      13.626440 
      13.678262 
      13.718602 
      13.745202 
      13.749143 
      13.721306 
      11.153653 
      11.209718 
      11.245708 
      11.288986 
      11.355580 
      11.388049 
      11.398645 
      11.421018 
      11.459384 
      11.506472 
      11.561551 
      11.559372 
      11.584427 
      11.617017 
      11.632068 
      11.684990 
      11.699824 
      11.671262 
      11.663850 
      11.697074 
      11.698685 
      11.659782 
      11.637830 
      11.636649 
      11.674858 
      11.687681 
      11.735326 
      11.762947 
      11.780582 
      11.799595 
      11.783898 
      11.746666 
      11.702891 
      11.632805 
       9.965399 
      10.047438 
      10.075648 
      10.112118 
      10.153468 
      10.172029 
      10.188762 
      10.209353 
      10.240620 
      10.281557 
      10.329324 
      10.376540 
      10.414392 
      10.436215 
      10.427579 
      10.367750 
      10.381548 
      10.399389 
      10.428005 
      10.433641 
      10.454031 
      10.473819 
      10.471548 
      10.488520 
      10.509722 
      10.533958 
      10.581679 
      10.600682 
      10.628910 
      10.671059 
      10.679190 
      10.663485 
      10.628279 
      10.603210 
      13.471525 
      13.462672 
      13.480794 
      13.543363 
      13.560546 
      13.567873 
      13.666466 
      13.676051 
      13.718475 
      13.736583 
      13.772804 
      13.812075 
      13.861488 
      13.896452 
      13.768226 
      13.831817 
      13.940576 
      14.073648 
      14.026811 
      13.982055 
      13.939210 
      13.961112 
      13.972580 
      13.990715 
      14.031584 
      14.062219 
      14.148355 
      14.111776 
      14.169253 
      14.116300 
      14.168721 
      14.166072 
      14.208528 
      14.253993 
       8.330630 
       8.350192 
       8.357378 
       8.392168 
       8.438570 
       8.460672 
       8.474873 
       8.492964 
       8.521318 
       8.537693 
       8.570134 
       8.587765 
       8.630261 
       8.684724 
       8.638966 
       8.649919 
       8.669325 
       8.680401 
       8.730419 
       8.770102 
       8.761630 
       8.749751 
       8.761178 
       8.806861 
       8.823234 
       8.856891 
       8.893192 
       8.939217 
       8.994487 
       9.023011 
       9.023389 
       8.995872 
       8.992261 
       9.015258 
       9.054014 
       9.064561 
       9.110892 
       9.135775 
       9.180944 
       9.232320 
       9.283551 
       9.301026 
       9.336858 
       9.359658 
       9.349806 
       9.371061 
       9.416980 
       9.471325 
       9.436043 
       9.418694 
       9.464702 
       9.498360 
       9.538733 
       9.548826 
       9.512932 
       9.524474 
       9.485242 
       9.510249 
       9.573979 
       9.593557 
       9.609870 
       9.623413 
       9.653921 
       9.665926 
       9.663051 
       9.650800 
       9.650615 
       9.674433 
