
      13122.0000 
      13358.0000 
      14445.0000 
      16152.0000 
      17783.0000 
      18542.0000 
      20438.0000 
      21797.0000 
      24658.0000 
      27238.0000 
      30027.0000 
      33584.0000 
      38306.0000 
      46114.0000 
      55032.0000 
      64692.0000 
      73743.9400 
      79585.9400 
      90611.9400 
     102482.9000 
     116798.9000 
     130812.9000 
     140273.9000 
     160415.9000 
     177401.9000 
     195581.9000 
     214393.9000 
     243703.9000 
     277078.9000 
     299244.9000 
     305679.9000 
     314048.9000 
     328150.9000 
     346768.9000 
     143589.9000 
     159199.9000 
     170349.9000 
     181639.9000 
     200069.9000 
     216869.9000 
     236679.9000 
     250799.9000 
     269289.9000 
     295489.9000 
     330609.9000 
     369099.9000 
     421239.9000 
     477479.9000 
     543269.9000 
     574099.9000 
     636971.9000 
     698106.9000 
     738161.9000 
     809123.9000 
     871592.9000 
     920007.9000 
     986155.9000 
    1044530.0000 
    1112715.0000 
    1176086.0000 
    1236877.0000 
    1287559.0000 
    1359518.0000 
    1454604.0000 
    1573635.0000 
    1676542.0000 
    1765300.0000 
    1813177.0000 
     506331.9000 
     539244.9000 
     576855.9000 
     618589.9000 
     693443.9000 
     756357.9000 
     811578.9000 
     868442.9000 
     929576.9000 
    1028004.0000 
    1141671.0000 
    1247044.0000 
    1398803.0000 
    1589213.0000 
    1858918.0000 
    2046717.0000 
    2343713.0000 
    2509216.0000 
    2692115.0000 
    2854414.0000 
    3078051.0000 
    3171129.0000 
    3422788.0000 
    3619589.0000 
    3912547.0000 
    4184479.0000 
    4429554.0000 
    4624452.0000 
    4908448.0000 
    5359632.0000 
    5671073.0000 
    6024029.0000 
    6311769.0000 
    6549624.0000 
      33394.0000 
      34750.0000 
      38060.0000 
      40756.0000 
      44684.0000 
      49172.0000 
      55059.0000 
      59174.0000 
      64886.0000 
      71999.9400 
      76422.9400 
      83476.9400 
      94381.9400 
     110994.9000 
     132819.9000 
     148529.9000 
     171365.9000 
     186471.9000 
     206651.9000 
     236342.9000 
     264534.9000 
     301499.9000 
     314580.9000 
     341171.9000 
     375567.9000 
     403430.9000 
     423533.9000 
     463616.9000 
     515149.9000 
     550534.9000 
     557838.9000 
     560362.9000 
     568623.9000 
     590176.9000 
      38433.0000 
      42499.0000 
      47954.0000 
      50752.0000 
      58176.0000 
      65223.0000 
      71429.9400 
      78507.9400 
      87477.9400 
      99341.9400 
     109451.9000 
     121209.9000 
     138828.9000 
     161051.9000 
     177895.9000 
     197159.9000 
     230327.9000 
     255302.9000 
     283454.9000 
     310995.9000 
     330405.9000 
     354488.9000 
     400136.9000 
     442237.9000 
     489428.9000 
     529804.9000 
     575676.9000 
     604846.9000 
     633801.9000 
     660834.9000 
     687952.9000 
     710116.9000 
     733665.9000 
     753964.9000 
      14332.0000 
      16215.0000 
      17277.0000 
      18715.0000 
      21167.0000 
      23423.0000 
      25004.0000 
      27349.0000 
      31240.0000 
      35835.0000 
      39794.0000 
      43300.0000 
      50379.0000 
      61150.0000 
      76639.9400 
      87049.9400 
      97855.9400 
     106467.9000 
     117567.9000 
     137968.9000 
     159396.9000 
     179129.9000 
     201023.9000 
     223443.9000 
     251919.9000 
     275033.9000 
     293430.9000 
     319930.9000 
     360759.9000 
     399604.9000 
     417176.9000 
     385133.9000 
     366456.9000 
     366060.9000 
     273552.9000 
     297742.9000 
     336442.9000 
     376071.9000 
     418723.9000 
     450797.9000 
     487129.9000 
     525380.9000 
     571502.9000 
     653319.9000 
     723245.9000 
     799613.9000 
     891443.9000 
    1016110.0000 
    1160852.0000 
    1299140.0000 
    1505860.0000 
    1691481.0000 
    1931543.0000 
    2197009.0000 
    2479778.0000 
    2772771.0000 
    3161590.0000 
    3472703.0000 
    3781425.0000 
    4081835.0000 
    4408890.0000 
    4646613.0000 
    4988628.0000 
    5343203.0000 
    5620019.0000 
    5823692.0000 
    5995518.0000 
    6071584.0000 
     276189.9000 
     300409.9000 
     324739.9000 
     342289.9000 
     375439.9000 
     408709.9000 
     433429.9000 
     436749.9000 
     472599.9000 
     530529.9000 
     597319.9000 
     661139.9000 
     724599.9000 
     807739.9000 
     859359.9000 
     891739.9000 
     978559.9000 
    1042390.0000 
    1124989.0000 
    1214029.0000 
    1279119.0000 
    1322819.0000 
    1359379.0000 
    1434469.0000 
    1505479.0000 
    1567869.0000 
    1663919.0000 
    1720549.0000 
    1812329.0000 
    1931869.0000 
    2066079.0000 
    2185059.0000 
    2302429.0000 
    2299119.0000 
     506331.9000 
     539244.9000 
     576855.9000 
     618589.9000 
     693443.9000 
     756357.9000 
     811578.9000 
     868442.9000 
     929576.9000 
    1028004.0000 
    1141671.0000 
    1247044.0000 
    1398803.0000 
    1589213.0000 
    1858918.0000 
    2046717.0000 
    2343713.0000 
    2509216.0000 
    2692115.0000 
    2854414.0000 
    3078051.0000 
    3171129.0000 
    3422788.0000 
    3619589.0000 
    3912547.0000 
    4184479.0000 
    4429554.0000 
    4624452.0000 
    4908448.0000 
    5359632.0000 
    5671073.0000 
    6024029.0000 
    6311769.0000 
    6549624.0000 
         78.0000 
         87.9000 
        107.0000 
        129.9000 
        167.4000 
        201.9000 
        244.0000 
        244.9000 
        254.7000 
        307.5999 
        395.3999 
        514.2000 
        641.7000 
        891.4998 
       1309.9000 
       1811.1000 
       2573.7000 
       3784.0000 
       5849.1990 
       8614.6990 
      13904.0000 
      21519.0000 
      33217.0000 
      56209.0000 
      73666.9400 
     100544.9000 
     136013.9000 
     180724.9000 
     221055.9000 
     259564.9000 
     307256.9000 
     335130.9000 
     334736.9000 
     343528.9000 
        658.2998 
        705.2000 
        756.7998 
        807.4998 
        916.3999 
        976.4998 
       1024.5000 
       1114.6000 
       1264.7000 
       1441.4000 
       1623.2000 
       1844.9000 
       2213.2000 
       2681.0000 
       3010.3000 
       3812.1000 
       4578.8980 
       5641.3980 
       6585.3980 
       7713.8980 
       8952.6990 
      10719.4000 
      12156.0000 
      13283.8000 
      14588.7000 
      15794.5000 
      16726.8000 
      17791.7000 
      18781.9000 
      20817.0000 
      22750.7000 
      24197.1000 
      25094.9000 
      26905.1000 
   22519980.0000 
   25150990.0000 
   28214990.0000 
   32108990.0000 
   34987980.0000 
   37707980.0000 
   40972990.0000 
   45191980.0000 
   49081980.0000 
   54301980.0000 
   60651980.0000 
   65959980.0000 
   72135980.0000 
   86913980.0000 
  108296000.0000 
  120875000.0000 
  153198000.0000 
  187982000.0000 
  222825000.0000 
  275472900.0000 
  344911900.0000 
  406105900.0000 
  475204900.0000 
  553129000.0000 
  634681900.0000 
  706279900.0000 
  782364900.0000 
  858347800.0000 
  953514000.0000 
 1037467000.0000 
 1137230000.0000 
 1231880000.0000 
 1289987000.0000 
 1334533000.0000 
   14199000.0000 
   17111980.0000 
   19151980.0000 
   22031980.0000 
   25409980.0000 
   28231980.0000 
   32790990.0000 
   38740990.0000 
   45638990.0000 
   53508990.0000 
   63509980.0000 
   69399980.0000 
   79961980.0000 
   98491980.0000 
  116153000.0000 
  128498000.0000 
  145748000.0000 
  161735000.0000 
  178649000.0000 
  193794000.0000 
  208918000.0000 
  222733000.0000 
  234118000.0000 
  243318000.0000 
  259916000.0000 
  277526800.0000 
  289286900.0000 
  302337800.0000 
  322775800.0000 
  342814000.0000 
  366328800.0000 
  386378000.0000 
  392890900.0000 
  393731800.0000 
      24907.0000 
      25279.0000 
      26748.0000 
      28675.0000 
      32314.0000 
      33760.0000 
      35443.0000 
      35393.0000 
      38366.0000 
      43680.0000 
      52484.0000 
      53979.0000 
      62220.0000 
      73605.9400 
      91589.9400 
      92845.9400 
     110980.9000 
     117188.9000 
     128687.9000 
     138766.9000 
     153785.9000 
     170648.9000 
     208708.9000 
     234100.9000 
     255082.9000 
     272971.9000 
     293370.9000 
     293368.9000 
     319168.9000 
     364001.9000 
     403995.9000 
     430576.9000 
     449913.9000 
     456838.9000 
      41419.0000 
      43771.0000 
      46759.0000 
      51146.0000 
      60289.0000 
      67207.9400 
      72868.9400 
      80077.9400 
      88698.9400 
     100853.9000 
     112745.9000 
     126202.9000 
     142851.9000 
     164393.9000 
     185524.9000 
     200526.9000 
     231207.9000 
     252629.9000 
     270915.9000 
     288034.9000 
     305009.9000 
     316595.9000 
     331032.9000 
     343462.9000 
     359420.9000 
     376849.9000 
     387339.9000 
     388899.9000 
     401209.9000 
     427789.9000 
     453879.9000 
     473669.9000 
     490609.9000 
     500179.9000 
       2635.0000 
       2669.0000 
       2890.0000 
       3141.0000 
       3434.0000 
       3696.0000 
       3780.0000 
       3919.0000 
       4156.9960 
       4622.9960 
       5172.9960 
       6173.9960 
       7088.9960 
       8344.9960 
       8984.9960 
      10022.0000 
      12178.0000 
      13472.0000 
      15219.0000 
      17878.0000 
      20925.0000 
      25508.0000 
      28567.0000 
      31210.0000 
      34693.0000 
      39655.0000 
      48014.0000 
      54326.0000 
      58485.0000 
      60864.0000 
      62693.0000 
      61931.0000 
      66235.9400 
      70505.9400 
      28479.0000 
      31121.0000 
      33401.0000 
      35761.0000 
      39467.0000 
      43408.0000 
      46706.0000 
      50657.0000 
      54410.0000 
      59298.0000 
      68152.9400 
      75971.9400 
      83766.9400 
      95180.9400 
     108624.9000 
     124869.9000 
     140298.9000 
     154175.9000 
     169373.9000 
     190258.9000 
     231710.9000 
     266262.9000 
     290928.9000 
     325336.9000 
     372700.9000 
     419408.9000 
     426093.9000 
     462042.9000 
     471151.9000 
     499082.9000 
     535675.9000 
     556891.9000 
     565588.9000 
     591928.9000 
      77864.3800 
      81448.1900 
      88599.8800 
      96990.5600 
     110059.1000 
     123489.6000 
     136039.3000 
     155887.1000 
     170432.3000 
     190209.9000 
     215724.9000 
     242911.9000 
     290853.3000 
     355008.6000 
     405359.4000 
     423999.2000 
     528163.3000 
     718811.8000 
     913281.2000 
    1184092.0000 
    1491199.0000 
    1751235.0000 
    2109219.0000 
    2607749.0000 
    3187916.0000 
    3992131.0000 
    5059136.0000 
    6011114.0000 
    7031468.0000 
    8299976.0000 
    9781134.0000 
   11450340.0000 
   13233020.0000 
   13952030.0000 
     610299.9000 
     701299.9000 
     816699.9000 
     970099.9000 
    1085899.0000 
    1267899.0000 
    1473399.0000 
    1675999.0000 
    1881799.0000 
    2157399.0000 
    2376699.0000 
    2690999.0000 
    3176799.0000 
    3856299.0000 
    4688599.0000 
    5454499.0000 
    6539799.0000 
    8278899.0000 
   10134800.0000 
   11787000.0000 
   13430100.0000 
   14877700.0000 
   17184780.0000 
   19515790.0000 
   22063980.0000 
   24463580.0000 
   28302100.0000 
   31937890.0000 
   35573300.0000 
   40027090.0000 
   44440590.0000 
   48632380.0000 
   52070690.0000 
   53591980.0000 
      64254.0000 
      69869.9400 
      75722.9400 
      81897.9400 
      91337.9400 
     100437.9000 
     109205.9000 
     118611.9000 
     126115.9000 
     137630.9000 
     154129.9000 
     166674.9000 
     182401.9000 
     203068.9000 
     228089.9000 
     267729.9000 
     302823.9000 
     327155.9000 
     363540.9000 
     406624.9000 
     458791.9000 
     496307.9000 
     537583.9000 
     597982.9000 
     669948.9000 
     727271.9000 
     800881.9000 
     869785.9000 
     941519.9000 
    1031935.0000 
    1126486.0000 
    1202859.0000 
    1180067.0000 
    1170479.0000 
      33910.0000 
      37880.0000 
      41930.0000 
      46020.0000 
      50835.0000 
      54485.0000 
      58605.0000 
      63230.0000 
      67769.9400 
      73379.9400 
      81764.9400 
      92739.9400 
     104599.9000 
     117294.9000 
     128289.9000 
     127729.9000 
     130939.9000 
     134464.9000 
     139584.9000 
     146944.9000 
     157584.9000 
     172454.9000 
     182699.9000 
     191129.9000 
     202394.9000 
     215974.9000 
     228569.9000 
     238204.9000 
     252694.9000 
     271894.9000 
     291584.9000 
     307334.9000 
     312479.9000 
     316694.9000 
      63970.0000 
      67379.9400 
      78449.9400 
      90449.9400 
      95369.9400 
     102369.9000 
     122379.9000 
     135329.9000 
     150259.9000 
     165989.9000 
     196999.9000 
     246999.9000 
     296999.9000 
     378999.9000 
     508999.9000 
     654999.9000 
     821999.9000 
    1049999.0000 
    1559999.0000 
    2723999.0000 
    5014999.0000 
    7586999.0000 
   10035000.0000 
   13175000.0000 
   20960990.0000 
   33426990.0000 
   48399980.0000 
   70936990.0000 
  122149000.0000 
  217838000.0000 
  375570900.0000 
  599917800.0000 
 1043794000.0000 
 1824299000.0000 
      23796.0000 
      25176.0000 
      26506.0000 
      28130.0000 
      30725.0000 
      33149.0000 
      35125.0000 
      36911.0000 
      39916.0000 
      42989.0000 
      47163.0000 
      52439.0000 
      58473.0000 
      67090.9400 
      75024.9400 
      93645.9400 
     110419.9000 
     128024.9000 
     147343.9000 
     174542.9000 
     201522.9000 
     221701.9000 
     243520.9000 
     267347.9000 
     285877.9000 
     312075.9000 
     337361.9000 
     369694.9000 
     411316.9000 
     449664.9000 
     476214.9000 
     501085.9000 
     524563.9000 
     556834.9000 
     459310.9000 
     476309.9000 
     514954.9000 
     544329.9000 
     586534.9000 
     636954.9000 
     697719.9000 
     735353.9000 
     802928.9000 
     864979.9000 
     906137.9000 
     981902.9000 
    1077596.0000 
    1213441.0000 
    1302654.0000 
    1398219.0000 
    1566720.0000 
    1750702.0000 
    1971869.0000 
    2193634.0000 
    2370274.0000 
    2641609.0000 
    2715074.0000 
    2935980.0000 
    3280584.0000 
    3498287.0000 
    3679417.0000 
    3917603.0000 
    4241005.0000 
    4539899.0000 
    4803199.0000 
    4978099.0000 
    5171099.0000 
    5479499.0000 
