   10552.00    
   10952.00    
   11737.00    
   13005.00    
   14042.00    
   14661.00    
   16263.00    
   16952.00    
   19058.99    
   20817.99    
   23256.99    
   26067.99    
   30117.00    
   36300.00    
   44276.99    
   51375.99    
   58624.99    
   64481.99    
   73095.99    
   80950.99    
   92095.94    
   104315.9    
   115110.9    
   129179.9    
   140299.9    
   155104.9    
   168199.9    
   187109.9    
   210986.9    
   235268.9    
   247425.9    
   258969.9    
   267017.9    
   8934567.    
   8934567.    
   8934567.    
   8934567.    
   8934567.    
   8934567.    
   8934567.    
   8934567.    
   8934567.    
   8934567.    
   8934567.    
   8934567.    
   8934567.    
   8934567.    
   8934567.    
   8934567.    
   8934567.    
   8934567.    
   8934567.    
   8934567.    
   8934567.    
   8934567.    
   8934567.    
   8934567.    
   8934567.    
   8934567.    
   8934567.    
   8934567.    
   8934567.    
   8934567.    
   8934567.    
   8934567.    
   8934567.    
   8934567.    
   8934567.    
   8934567.    
   8934567.    
   8934567.    
   8934567.    
   8934567.    
   8934567.    
   8934567.    
   8934567.    
   8934567.    
   8934567.    
   8934567.    
   8934567.    
   8934567.    
   8934567.    
   912467.8    
   1003586.    
   1129451.    
   1275790.    
   1491047.    
   1682259.    
   1943962.    
   2074522.    
   2213172.    
   2358969.    
   2598379.    
   2772577.    
   2935355.    
   3147233.    
   3311543.    
   3484404.    
   3683638.    
   3800542.    
   4019541.    
   4392399.    
   4681143.    
   5123854.    
   5404397.    
   5606428.    
   8934567.    
   8934567.    
   26551.99    
   27048.99    
   29505.99    
   31540.99    
   33628.99    
   36804.00    
   40730.00    
   43700.99    
   47069.99    
   51348.99    
   54660.99    
   60060.99    
   68325.99    
   79849.93    
   94422.93    
   110218.9    
   125066.9    
   137784.9    
   155386.9    
   174781.9    
   197821.9    
   228811.9    
   254261.9    
   267252.0    
   292462.0    
   313133.0    
   329001.0    
   349947.9    
   382088.9    
   416897.9    
   431546.9    
   444397.9    
   455991.9    
   468621.9    
   8934567.    
   8934567.    
   8934567.    
   8934567.    
   8934567.    
   8934567.    
   8934567.    
   8934567.    
   8934567.    
   8934567.    
   8934567.    
   8934567.    
   8934567.    
   8934567.    
   8934567.    
   8934567.    
   8934567.    
   8934567.    
   8934567.    
   8934567.    
   8934567.    
   8934567.    
   8934567.    
   8934567.    
   8934567.    
   8934567.    
   8934567.    
   8934567.    
   8934567.    
   8934567.    
   8934567.    
   8934567.    
   8934567.    
   8934567.    
   8934567.    
   8934567.    
   8934567.    
   8934567.    
   9967.996    
   11345.99    
   12297.99    
   13342.99    
   15163.99    
   16449.99    
   17861.00    
   19153.00    
   21138.00    
   23715.00    
   26169.99    
   28887.99    
   33799.99    
   39284.99    
   49152.99    
   59566.99    
   67490.94    
   74283.94    
   83578.94    
   95124.94    
   109264.9    
   122003.9    
   140864.9    
   158619.9    
   172928.0    
   185475.0    
   195888.0    
   214821.9    
   227110.9    
   252006.9    
   269441.9    
   288181.9    
   291431.9    
   288217.9    
   8934567.    
   8934567.    
   8934567.    
   8934567.    
   8934567.    
   8934567.    
   8934567.    
   8934567.    
   8934567.    
   8934567.    
   8934567.    
   8934567.    
   541201.9    
   597198.9    
   670929.9    
   760855.9    
   889188.9    
   1029057.    
   1153581.    
   1302644.    
   1507365.    
   1682813.    
   1894456.    
   2200428.    
   2519633.    
   2741683.    
   2934545.    
   3164266.    
   3328135.    
   3444037.    
   3648999.    
   3915027.    
   4180526.    
   4408846.    
   4620497.    
   4762363.    
   8934567.    
   8934567.    
   8934567.    
   8934567.    
   8934567.    
   8934567.    
   8934567.    
   8934567.    
   8934567.    
   8934567.    
   8934567.    
   8934567.    
   8934567.    
   8934567.    
   8934567.    
   8934567.    
   8934567.    
   8934567.    
   8934567.    
   8934567.    
   8934567.    
   8934567.    
   8934567.    
   8934567.    
   8934567.    
   8934567.    
   8934567.    
   8934567.    
   8934567.    
   8934567.    
   8934567.    
   8934567.    
   8934567.    
   8934567.    
   8934567.    
   8934567.    
   8934567.    
   8934567.    
   8934567.    
   8934567.    
   8934567.    
   8934567.    
   8934567.    
   8934567.    
   8934567.    
   8934567.    
   8934567.    
   8934567.    
   8934567.    
   8934567.    
   8934567.    
   8934567.    
   8934567.    
   8934567.    
   8934567.    
   8934567.    
   8934567.    
   8934567.    
   8934567.    
   8934567.    
   8934567.    
   8934567.    
   8934567.    
   8934567.    
   8934567.    
   8934567.    
   8934567.    
   8934567.    
   8934567.    
   8934567.    
   8934567.    
   8934567.    
   8934567.    
   8934567.    
   8934567.    
   8934567.    
   8934567.    
   8934567.    
   8934567.    
   8934567.    
   8934567.    
   8934567.    
   8934567.    
   8934567.    
   8934567.    
   8934567.    
   8934567.    
   8934567.    
   8934567.    
   8934567.    
   8934567.    
   8934567.    
   8934567.    
   8934567.    
   8934567.    
   8934567.    
   8934567.    
   8934567.    
   8934567.    
   8934567.    
   8934567.    
   8934567.    
   8934567.    
   8934567.    
   8934567.    
   8934567.    
   8934567.    
   8934567.    
   8934567.    
   8934567.    
   8934567.    
   8934567.    
   8934567.    
   8934567.    
   8934567.    
   8934567.    
   8934567.    
   8934567.    
   8934567.    
   8934567.    
   8934567.    
   8934567.    
   8934567.    
   8934567.    
   8934567.    
   8934567.    
   8934567.    
   8934567.    
   8934567.    
   8934567.    
   8934567.    
   8934567.    
   8934567.    
   8934567.    
   8934567.    
   8934567.    
   8934567.    
   8934567.    
   8934567.    
   8934567.    
   8934567.    
   8934567.    
   8934567.    
   8934567.    
   8934567.    
   8934567.    
   8934567.    
   8934567.    
   8934567.    
   8934567.    
   8934567.    
   8934567.    
   8934567.    
   8934567.    
   8934567.    
   8934567.    
   8934567.    
   8934567.    
   8934567.    
   8934567.    
   8934567.    
   8934567.    
   8934567.    
   8934567.    
   8934567.    
   8934567.    
  0.2911880E+09
  0.3592320E+09
  0.4262330E+09
  0.4929220E+09
  0.5513548E+09
  0.6061180E+09
  0.6662749E+09
  0.7308216E+09
  0.7982148E+09
  0.8773167E+09
  0.9746775E+09
  0.1068160E+10
  0.1139184E+10
  0.1135658E+10
   8934567.    
   8934567.    
  0.1077700E+08
  0.1286800E+08
  0.1470200E+08
  0.1704500E+08
  0.1970900E+08
  0.2233700E+08
  0.2551298E+08
  0.2901298E+08
  0.3423398E+08
  0.3948599E+08
  0.4591298E+08
  0.5194498E+08
  0.6024499E+08
  0.7492497E+08
  0.9383498E+08
  0.1087130E+09
  0.1235410E+09
  0.1353190E+09
  0.1472440E+09
  0.1570700E+09
  0.1699320E+09
  0.1813480E+09
  0.1906120E+09
  0.1995880E+09
  0.2094510E+09
  0.2206550E+09
  0.2303310E+09
  0.2367280E+09
  0.2477120E+09
  0.2638820E+09
  0.2799660E+09
  0.2961610E+09
  0.3074700E+09
  0.3132050E+09
   8934567.    
   8934567.    
   8934567.    
   8934567.    
   8934567.    
   8934567.    
   8934567.    
   8934567.    
   8934567.    
   8934567.    
   8934567.    
   8934567.    
   8934567.    
   8934567.    
   8934567.    
   8934567.    
   8934567.    
   8934567.    
   8934567.    
   8934567.    
   8934567.    
   8934567.    
   8934567.    
   8934567.    
   8934567.    
   8934567.    
   8934567.    
   8934567.    
   8934567.    
   8934567.    
   8934567.    
   8934567.    
   8934567.    
   8934567.    
   8934567.    
   8934567.    
   8934567.    
   8934567.    
   8934567.    
   8934567.    
   8934567.    
   8934567.    
   8934567.    
   8934567.    
   8934567.    
   8934567.    
   8934567.    
   8934567.    
   8934567.    
   8934567.    
   8934567.    
   8934567.    
   8934567.    
   8934567.    
   8934567.    
   8934567.    
   8934567.    
   8934567.    
   8934567.    
   8934567.    
   8934567.    
   8934567.    
   8934567.    
   285949.9    
   300349.9    
   307969.9    
   313109.9    
   332489.9    
   360089.9    
   369489.9    
   391539.8    
   399399.8    
   8934567.    
   8934567.    
   8934567.    
   8934567.    
   8934567.    
   8934567.    
   8934567.    
   8934567.    
   8934567.    
   8934567.    
   8934567.    
   8934567.    
   8934567.    
   8934567.    
   8934567.    
   8934567.    
   8934567.    
   8934567.    
   8934567.    
   8934567.    
   8934567.    
   8934567.    
   8934567.    
   8934567.    
   20461.99    
   21794.99    
   24791.99    
   29145.99    
   34019.99    
   39207.99    
   42220.99    
   44654.99    
   45716.99    
   46386.99    
   47679.99    
   8934567.    
   8934567.    
   8934567.    
   8934567.    
   8934567.    
   8934567.    
   8934567.    
   8934567.    
   8934567.    
   8934567.    
   8934567.    
   8934567.    
   8934567.    
   8934567.    
   8934567.    
   8934567.    
   8934567.    
   8934567.    
   81005.94    
   95358.94    
   109049.9    
   120787.9    
   125851.9    
   139987.0    
   162511.0    
   182226.0    
   201712.9    
   222578.9    
   238879.9    
   262780.9    
   280659.9    
   300292.9    
   314872.9    
   339067.9    
   358854.9    
   8934567.    
   8934567.    
   8934567.    
   8934567.    
   8934567.    
   8934567.    
   8934567.    
   8934567.    
   8934567.    
   8934567.    
   8934567.    
   8934567.    
   8934567.    
   8934567.    
   8934567.    
   8934567.    
   8934567.    
   8934567.    
   8934567.    
   8934567.    
   8934567.    
   560036.9    
   709857.9    
   926627.8    
   1174032.    
   1447981.    
   1785048.    
   2163646.    
   2734282.    
   3340444.    
   4113850.    
   4752334.    
   5311780.    
   6056976.    
   8934567.    
   8934567.    
   8934567.    
   8934567.    
   8934567.    
   8934567.    
   8934567.    
   8934567.    
   8934567.    
   8934567.    
   8934567.    
   8934567.    
   8934567.    
   8934567.    
   8934567.    
   8934567.    
   8934567.    
   8934567.    
   8934567.    
   8934567.    
   8934567.    
   8934567.    
   8934567.    
   8934567.    
   8934567.    
   8934567.    
  0.1097390E+08
  0.1250160E+08
  0.1442410E+08
  0.1613650E+08
  0.1775990E+08
  0.1943160E+08
  0.2189270E+08
  0.2374410E+08
  0.2630989E+08
  0.2925328E+08
  0.3310340E+08
  0.3662090E+08
  0.3923688E+08
  0.4184209E+08
   8934567.    
   8934567.    
   8934567.    
   8934567.    
   8934567.    
   8934567.    
   8934567.    
   8934567.    
   8934567.    
   8934567.    
   8934567.    
   8934567.    
   96269.94    
   103902.9    
   112286.9    
   125710.9    
   145364.0    
   165160.0    
   186517.0    
   207963.9    
   231588.9    
   251722.9    
   293777.9    
   322917.9    
   346656.9    
   379407.9    
   413540.9    
   455075.9    
   494521.9    
   523714.9    
   558299.9    
   604864.9    
   690716.9    
   797090.9    
   842229.9    
   859535.9    
   8934567.    
   8934567.    
   8934567.    
   8934567.    
   8934567.    
   8934567.    
   8934567.    
   8934567.    
   8934567.    
   8934567.    
   8934567.    
   8934567.    
   8934567.    
   8934567.    
   8934567.    
   8934567.    
   8934567.    
   8934567.    
   8934567.    
   8934567.    
   8934567.    
   8934567.    
   8934567.    
   8934567.    
   8934567.    
   8934567.    
   8934567.    
   8934567.    
   8934567.    
   8934567.    
   8934567.    
   8934567.    
   8934567.    
   8934567.    
   8934567.    
   8934567.    
   8934567.    
   8934567.    
   8934567.    
   8934567.    
   8934567.    
   8934567.    
   8934567.    
   8934567.    
   8934567.    
   8934567.    
   8934567.    
   8934567.    
   8934567.    
   8934567.    
   8934567.    
   8934567.    
   8934567.    
   8934567.    
   8934567.    
   8934567.    
   8934567.    
   8934567.    
   8934567.    
   8934567.    
   8934567.    
   8934567.    
   8934567.    
   8934567.    
   8934567.    
   8934567.    
   8934567.    
   8934567.    
   8934567.    
   8934567.    
   8934567.    
   8934567.    
   8934567.    
   8934567.    
   17675.00    
   18923.00    
   19799.00    
   21072.00    
   22628.00    
   24347.00    
   25879.00    
   26935.00    
   28665.00    
   30493.00    
   33612.99    
   36935.99    
   42578.99    
   48706.99    
   56232.99    
   70185.93    
   80984.93    
   91052.94    
   107286.9    
   128714.9    
   151925.9    
   167623.9    
   181462.9    
   194797.9    
   212049.9    
   230534.9    
   250723.0    
   269719.0    
   298409.0    
   332978.0    
   358072.9    
   386694.8    
   417791.8    
   441240.9    
   8934567.    
   8934567.    
   353183.9    
   368681.9    
   390941.0    
   409715.0    
   445155.9    
   480054.9    
   518801.9    
   555469.9    
   602988.9    
   648152.8    
   704669.8    
   766626.8    
   829308.8    
   935397.8    
   1020782.    
   1123484.    
   1236059.    
   1361125.    
   1522841.    
   1699915.    
   1896507.    
   2116929.    
   2261925.    
   2419193.    
   2673639.    
   2842215.    
   3013068.    
   3165625.    
   3419136.    
   3645199.    
   3892299.    
   4064599.    
   4323800.    
   4509100.    
   8934567.    
   8934567.    
