    8.817785
    8.821845
    8.861888
    8.904936
    8.930625
    8.940616
    8.970143
    9.006310
    9.038895
    9.076191
    9.096202
    9.117048
    9.153357
    9.191398
    9.210077
    9.230286
    9.244958
    9.251227
    9.274227
    9.289895
    9.317696
    9.342647
    9.337695
    9.349161
    9.371945
    9.395497
    9.387670
    9.412477
    9.441179
    9.469853
    9.465416
    9.476471
    9.489652
    9.507699
8934567.000000
8934567.000000
   10.839558
   10.883868
   10.910590
   10.957976
   10.985016
   11.026731
   11.062160
   11.089022
   11.123167
   11.148456
   11.185765
   11.246378
   11.299553
   11.346326
   11.374096
   11.408689
   11.454846
   11.507646
   11.493563
   11.538407
   11.553387
   11.554586
   11.565679
   11.616795
   11.615900
   11.638798
   11.655261
   11.684865
   11.717641
   11.748003
   11.771136
   11.786596
   11.798103
   11.786177
8934567.000000
8934567.000000
   11.979382
   11.992378
   12.026879
   12.062947
   12.079295
   12.111952
   12.131400
   12.153874
   12.201878
   12.251223
   12.293450
   12.337478
   12.391644
   12.463223
   12.485937
   12.489515
   12.535032
   12.557565
   12.579458
   12.625901
   12.644489
   12.632505
   12.645485
   12.629447
   12.641468
   12.660280
   12.682712
   12.711762
   12.734198
   12.769498
   12.792961
   12.820423
   12.842515
8934567.000000
8934567.000000
8934567.000000
    8.631179
    8.622852
    8.655091
    8.680049
    8.716622
    8.757779
    8.790492
    8.811610
    8.838357
    8.875424
    8.881181
    8.926323
    8.987632
    9.048448
    9.090315
    9.121487
    9.171438
    9.189951
    9.212977
    9.231655
    9.241051
    9.251542
    9.215019
    9.240920
    9.278929
    9.321740
    9.356698
    9.388620
    9.420688
    9.440114
    9.435515
    9.405815
    9.367965
    9.366916
8934567.000000
8934567.000000
   10.171068
   10.235162
   10.284729
   10.277072
   10.344730
   10.370479
   10.403972
   10.424813
   10.438314
   10.493809
   10.520743
   10.506295
   10.516852
   10.558196
   10.524586
   10.557720
   10.630911
   10.638738
   10.643057
   10.654180
   10.615458
   10.592291
   10.607258
   10.633736
   10.667375
   10.715438
   10.769863
   10.753577
   10.742737
   10.738178
   10.737064
   10.746239
   10.753874
   10.773735
8934567.000000
8934567.000000
    9.875445
    9.941998
    9.993693
   10.029797
   10.077798
   10.128871
   10.150325
   10.165726
   10.162061
   10.264435
   10.341335
   10.356654
   10.431100
   10.483306
   10.495599
   10.522125
   10.527809
   10.514947
   10.535705
   10.582037
   10.600670
   10.609504
   10.651679
   10.676027
   10.701664
   10.734221
   10.770174
   10.818004
   10.865110
   10.903517
   10.898631
   10.853335
   10.800809
   10.756604
8934567.000000
8934567.000000
    9.632726
    9.680047
    9.730363
    9.779806
    9.824310
    9.854385
    9.893295
    9.935203
    9.966805
   10.017384
   10.050144
   10.088948
   10.128342
   10.172179
   10.177657
   10.201196
   10.244800
   10.267372
   10.299286
   10.324729
   10.331531
   10.346246
   10.374496
   10.378540
   10.384571
   10.403597
   10.437125
   10.460345
   10.487212
   10.511931
   10.533181
   10.541287
   10.548687
   10.549183
8934567.000000
8934567.000000
    9.080014
    9.128621
    9.172053
    9.189991
    9.231994
    9.287214
    9.308953
    9.318016
    9.360324
    9.427556
    9.491970
    9.534788
    9.574289
    9.598434
    9.602089
    9.636735
    9.680104
    9.726630
    9.764028
    9.796076
    9.805061
    9.797139
    9.784520
    9.802617
    9.824475
    9.844048
    9.877466
    9.910884
    9.931836
    9.949839
    9.983170
    9.804398
    9.818412
    9.812927
8934567.000000
8934567.000000
   12.074070
   12.081848
   12.114433
   12.154175
   12.176420
   12.213399
   12.232246
   12.248496
   12.297594
   12.346087
   12.386555
   12.428548
   12.479883
   12.550057
   12.572055
   12.569064
   12.602926
   12.611208
   12.621000
   12.655720
   12.665528
   12.645067
   12.652204
   12.630259
   12.636912
   12.652600
   12.672422
   12.700278
   12.725767
   12.759486
   12.780795
   12.801120
   12.815312
   12.799546
8934567.000000
8934567.000000
   12.640082
   12.620626
   12.706598
   12.795400
   12.863759
   12.919208
   13.027074
   13.025905
   12.957359
   12.895574
   13.038811
   13.188878
   13.244589
   13.281815
   13.365885
   13.251949
   13.294712
   13.408903
   13.487112
   13.505178
   13.527857
   13.576024
   13.610555
   13.539873
   13.565726
   13.599235
   13.658582
   13.797069
   13.742539
   13.688809
   13.685467
   13.713495
   13.656185
   13.600183
8934567.000000
8934567.000000
    7.549665
    7.585801
    7.615982
    7.650494
    7.687253
    7.691253
    7.703217
    7.734559
    7.815883
    7.863832
    7.845349
    7.867764
    7.902647
    7.955890
    7.955725
    7.947107
    7.959088
    8.011053
    8.085500
    8.112719
    8.107249
    8.111818
    8.027934
    8.029261
    8.042333
    8.084113
    8.103755
    8.135896
    8.180744
    8.263092
    8.279210
    8.298664
    8.320253
    8.327758
8934567.000000
8934567.000000
   14.990874
   15.056521
   15.119202
   15.200922
   15.225705
   15.250330
   15.312900
   15.377750
   15.422088
   15.479756
   15.546636
   15.574023
   15.599294
   15.660425
   15.690396
   15.686655
   15.731047
   15.762885
   15.786525
   15.852316
   15.909961
   15.925698
   15.932179
   15.934572
   15.953248
   15.980912
   16.022012
   16.063666
   16.106565
   16.140743
   16.183138
   16.208435
   16.223710
   16.189481
8934567.000000
8934567.000000
   13.037408
   13.127507
   13.190859
   13.265494
   13.357614
   13.402744
   13.489066
   13.577275
   13.647740
   13.733886
   13.791784
   13.836389
   13.909673
   13.973433
   13.958931
   13.990881
   14.010305
   14.040801
   14.084599
   14.139447
   14.142181
   14.150561
   14.186990
   14.214082
   14.234761
   14.261963
   14.289083
   14.325612
   14.372399
   14.410303
   14.445459
   14.464048
   14.477548
   14.484892
8934567.000000
8934567.000000
   12.153994
   12.189765
   12.220625
   12.256205
   12.331943
   12.362228
   12.372370
   12.372105
   12.408249
   12.453139
   12.509678
   12.549744
   12.588388
   12.630089
   12.662832
   12.703088
   12.734000
   12.753834
   12.782902
   12.812105
   12.837096
   12.851600
   12.855533
   12.860444
   12.874798
   12.898306
   12.923153
   12.966645
   12.996509
   13.026510
   13.055126
   13.097518
   13.114584
   13.142578
8934567.000000
8934567.000000
    9.091922
    9.077444
    9.174704
    9.229321
    9.273248
    9.331625
    9.349906
    9.391536
    9.444930
    9.509380
    9.568284
    9.588956
    9.613191
    9.644171
    9.672668
    9.696215
    9.740011
    9.779037
    9.815222
    9.837704
    9.829856
    9.797577
    9.781173
    9.786094
    9.792088
    9.811615
    9.831694
    9.852320
    9.854260
    9.882527
    9.917040
    9.939621
    9.957270
    9.956718
8934567.000000
8934567.000000
    8.516183
    8.510994
    8.524810
    8.571356
    8.586716
    8.625017
    8.648084
    8.589514
    8.603950
    8.648474
    8.679999
    8.668967
    8.720239
    8.781652
    8.800694
    8.775287
    8.732656
    8.695832
    8.713216
    8.705604
    8.701316
    8.717409
    8.695317
    8.712297
    8.740361
    8.749730
    8.792177
    8.799428
    8.814491
    8.815762
    8.803894
    8.775484
    8.767804
    8.787220
8934567.000000
8934567.000000
   10.549165
   10.597498
   10.621193
   10.646832
   10.676169
   10.692652
   10.719921
   10.749077
   10.776192
   10.841783
   10.834442
   10.873070
   10.894571
   10.915996
   10.947790
   10.992256
   11.046523
   11.109331
   11.088972
   11.117156
   11.137179
   11.145094
   11.158944
   11.170793
   11.194674
   11.286039
   11.336671
   11.322443
   11.288632
   11.256296
   11.280260
   11.275015
   11.287171
   11.272524
8934567.000000
8934567.000000
   11.637218
   11.712520
   11.726077
   11.785295
   11.768089
   11.814063
   11.826075
   11.912227
   12.147313
   12.195600
   12.228375
   12.352283
   12.390258
   12.504601
   12.569091
   12.513018
   12.537262
   12.532139
   12.500939
   12.489018
   12.515991
   12.541336
   12.561947
   12.545984
   12.514878
   12.521515
   12.576118
   12.635192
   12.691555
   12.736611
   12.802463
   12.845529
   12.881454
   12.883140
8934567.000000
8934567.000000
   12.293755
   12.388533
   12.462220
   12.558692
   12.590060
   12.645264
   12.704375
   12.752289
   12.799743
   12.858302
   12.893310
   12.927018
   12.997784
   13.063887
   13.103991
   13.111418
   13.154094
   13.157087
   13.154812
   13.158793
   13.157314
   13.135142
   13.128674
   13.126817
   13.120627
   13.151689
   13.181273
   13.235136
   13.280878
   13.333928
   13.368175
   13.394435
   13.413384
   13.390845
8934567.000000
8934567.000000
   10.757760
   10.804254
   10.831270
   10.868971
   10.900818
   10.932945
   10.942612
   10.957542
   10.992288
   11.028633
   11.053619
   11.047696
   11.078476
   11.102100
   11.132360
   11.156168
   11.193231
   11.179272
   11.169265
   11.190844
   11.180768
   11.174705
   11.179796
   11.155080
   11.168514
   11.193464
   11.238550
   11.282313
   11.303594
   11.310470
   11.297591
   11.302300
   11.285422
   11.242295
8934567.000000
8934567.000000
    9.591429
    9.656388
    9.692879
    9.718802
    9.748298
    9.770731
    9.789802
    9.806178
    9.831609
    9.873432
    9.904316
    9.939250
    9.983094
   10.004097
    9.996275
    9.975313
    9.997073
   10.029609
   10.048876
   10.058703
   10.079294
   10.077445
   10.071323
   10.085680
   10.097601
   10.107661
   10.129359
   10.142940
   10.156248
   10.182048
   10.187325
   10.188893
   10.176214
   10.159043
8934567.000000
8934567.000000
   13.273352
   13.258384
   13.308895
   13.378859
   13.363968
   13.364606
   13.426596
   13.431868
   13.476962
   13.503358
   13.500236
   13.560182
   13.597102
   13.586537
   13.481198
   13.537497
   13.614030
   13.771256
   13.768605
   13.734196
   13.768979
   13.665092
   13.706551
   13.746866
   13.799889
   13.768926
   13.806737
   13.782182
   13.771340
   13.737434
   13.837072
   13.843167
   13.856836
   13.906671
8934567.000000
8934567.000000
    7.997673
    8.011278
    8.025130
    8.060419
    8.083638
    8.091844
    8.103716
    8.121799
    8.144646
    8.146283
    8.171768
    8.197985
    8.254891
    8.305837
    8.291003
    8.287750
    8.292709
    8.289741
    8.342019
    8.383645
    8.381668
    8.381550
    8.391878
    8.435417
    8.453423
    8.488803
    8.552491
    8.601146
    8.671283
    8.699966
    8.702946
    8.673632
    8.670489
    8.692660
8934567.000000
8934567.000000
    8.717571
    8.723961
    8.752575
    8.774874
    8.815903
    8.859052
    8.898459
    8.917318
    8.958430
    8.984732
    8.995236
    9.015424
    9.060363
    9.095612
    9.077889
    9.087670
    9.129790
    9.159102
    9.188476
    9.199658
    9.185411
    9.188247
    9.188007
    9.222531
    9.262210
    9.296193
    9.324054
    9.343320
    9.371688
    9.382808
    9.387838
    9.374550
    9.393049
    9.417015
8934567.000000
8934567.000000
