    8.908802
    8.919203
    8.958323
    9.025577
    9.049111
    9.040452
    9.095773
    9.084501
    9.148760
    9.176186
    9.206078
    9.234898
    9.300312
    9.357976
    9.377643
    9.367472
    9.380946
    9.375738
    9.403562
    9.399712
    9.423243
    9.442404
    9.420483
    9.450573
    9.462425
    9.472199
    9.455961
    9.478548
    9.517169
    9.546927
    9.533786
    9.541938
    9.544013
8934567.000000
8934567.000000
8934567.000000
8934567.000000
8934567.000000
8934567.000000
8934567.000000
8934567.000000
8934567.000000
8934567.000000
8934567.000000
8934567.000000
8934567.000000
8934567.000000
8934567.000000
8934567.000000
8934567.000000
8934567.000000
8934567.000000
8934567.000000
8934567.000000
8934567.000000
8934567.000000
8934567.000000
8934567.000000
8934567.000000
8934567.000000
8934567.000000
8934567.000000
8934567.000000
8934567.000000
8934567.000000
8934567.000000
8934567.000000
8934567.000000
8934567.000000
8934567.000000
8934567.000000
8934567.000000
8934567.000000
8934567.000000
8934567.000000
8934567.000000
8934567.000000
8934567.000000
8934567.000000
8934567.000000
8934567.000000
8934567.000000
   12.482620
   12.523679
   12.585772
   12.645364
   12.678143
   12.680042
   12.747649
   12.742355
   12.764702
   12.789783
   12.823772
   12.804796
   12.786502
   12.787357
   12.782697
   12.775524
   12.823855
   12.835384
   12.870775
   12.922319
   12.947192
   13.009064
   13.037854
8934567.000000
8934567.000000
8934567.000000
    8.669803
    8.662674
    8.717421
    8.744679
    8.774622
    8.826085
    8.871171
    8.884129
    8.899098
    8.931660
    8.945459
    9.003464
    9.080539
    9.163133
    9.216829
    9.256996
    9.299916
    9.312322
    9.349275
    9.374470
    9.390223
    9.417415
    9.415371
    9.398798
    9.442111
    9.465884
    9.470919
    9.483674
    9.522279
    9.549583
    9.528942
    9.497950
    9.458907
    9.451055
8934567.000000
8934567.000000
8934567.000000
8934567.000000
8934567.000000
8934567.000000
8934567.000000
8934567.000000
8934567.000000
8934567.000000
8934567.000000
8934567.000000
8934567.000000
8934567.000000
8934567.000000
8934567.000000
8934567.000000
8934567.000000
8934567.000000
8934567.000000
8934567.000000
8934567.000000
8934567.000000
8934567.000000
8934567.000000
8934567.000000
8934567.000000
8934567.000000
8934567.000000
8934567.000000
8934567.000000
8934567.000000
8934567.000000
8934567.000000
8934567.000000
8934567.000000
8934567.000000
8934567.000000
    9.886643
    9.981641
   10.015725
   10.041329
   10.087406
   10.123777
   10.166239
   10.165987
   10.171711
   10.265954
   10.351667
   10.383741
   10.453781
   10.483713
   10.523260
   10.557512
   10.554492
   10.537217
   10.574769
   10.622925
   10.654382
   10.649019
   10.699964
   10.734413
   10.747692
   10.759269
   10.779823
   10.833428
   10.841315
   10.893327
   10.897474
   10.901214
   10.869395
   10.815427
8934567.000000
8934567.000000
8934567.000000
8934567.000000
8934567.000000
8934567.000000
8934567.000000
8934567.000000
8934567.000000
8934567.000000
8934567.000000
8934567.000000
   10.213630
   10.244578
   10.290839
   10.337365
   10.348447
   10.378038
   10.394155
   10.421038
   10.475369
   10.479153
   10.467683
   10.489253
   10.509780
   10.496941
   10.486072
   10.500824
   10.520205
   10.518484
   10.544913
   10.576086
   10.608149
   10.624725
   10.642422
   10.646914
8934567.000000
8934567.000000
8934567.000000
8934567.000000
8934567.000000
8934567.000000
8934567.000000
8934567.000000
8934567.000000
8934567.000000
8934567.000000
8934567.000000
8934567.000000
8934567.000000
8934567.000000
8934567.000000
8934567.000000
8934567.000000
8934567.000000
8934567.000000
8934567.000000
8934567.000000
8934567.000000
8934567.000000
8934567.000000
8934567.000000
8934567.000000
8934567.000000
8934567.000000
8934567.000000
8934567.000000
8934567.000000
8934567.000000
8934567.000000
8934567.000000
8934567.000000
8934567.000000
8934567.000000
8934567.000000
8934567.000000
8934567.000000
8934567.000000
8934567.000000
8934567.000000
8934567.000000
8934567.000000
8934567.000000
8934567.000000
8934567.000000
8934567.000000
8934567.000000
8934567.000000
8934567.000000
8934567.000000
8934567.000000
8934567.000000
8934567.000000
8934567.000000
8934567.000000
8934567.000000
8934567.000000
8934567.000000
8934567.000000
8934567.000000
8934567.000000
8934567.000000
8934567.000000
8934567.000000
8934567.000000
8934567.000000
8934567.000000
8934567.000000
8934567.000000
8934567.000000
8934567.000000
8934567.000000
8934567.000000
8934567.000000
8934567.000000
8934567.000000
8934567.000000
8934567.000000
8934567.000000
8934567.000000
8934567.000000
8934567.000000
8934567.000000
8934567.000000
8934567.000000
8934567.000000
8934567.000000
8934567.000000
8934567.000000
8934567.000000
8934567.000000
8934567.000000
8934567.000000
8934567.000000
8934567.000000
8934567.000000
8934567.000000
8934567.000000
8934567.000000
8934567.000000
8934567.000000
8934567.000000
8934567.000000
8934567.000000
8934567.000000
8934567.000000
8934567.000000
8934567.000000
8934567.000000
8934567.000000
8934567.000000
8934567.000000
8934567.000000
8934567.000000
8934567.000000
8934567.000000
8934567.000000
8934567.000000
8934567.000000
8934567.000000
8934567.000000
8934567.000000
8934567.000000
8934567.000000
8934567.000000
8934567.000000
8934567.000000
8934567.000000
8934567.000000
8934567.000000
8934567.000000
8934567.000000
8934567.000000
8934567.000000
8934567.000000
8934567.000000
8934567.000000
8934567.000000
8934567.000000
8934567.000000
8934567.000000
8934567.000000
8934567.000000
8934567.000000
8934567.000000
8934567.000000
8934567.000000
8934567.000000
8934567.000000
8934567.000000
8934567.000000
8934567.000000
8934567.000000
8934567.000000
8934567.000000
8934567.000000
8934567.000000
8934567.000000
8934567.000000
8934567.000000
8934567.000000
8934567.000000
   16.117546
   16.160587
   16.171699
   16.176060
   16.171452
   16.177291
   16.210406
   16.249489
   16.280349
   16.310601
   16.372426
   16.396819
   16.408545
   16.351916
8934567.000000
8934567.000000
   13.174645
   13.281541
   13.340948
   13.408617
   13.503832
   13.552050
   13.630778
   13.710073
   13.814560
   13.904275
   13.972221
   14.020040
   14.098051
   14.190455
   14.211216
   14.239733
   14.264782
   14.274898
   14.306659
   14.328004
   14.326524
   14.340364
   14.356857
   14.376381
   14.393929
   14.418087
   14.450644
   14.471540
   14.513460
   14.554343
   14.584484
   14.613359
   14.626860
   14.629930
8934567.000000
8934567.000000
8934567.000000
8934567.000000
8934567.000000
8934567.000000
8934567.000000
8934567.000000
8934567.000000
8934567.000000
8934567.000000
8934567.000000
8934567.000000
8934567.000000
8934567.000000
8934567.000000
8934567.000000
8934567.000000
8934567.000000
8934567.000000
8934567.000000
8934567.000000
8934567.000000
8934567.000000
8934567.000000
8934567.000000
8934567.000000
8934567.000000
8934567.000000
8934567.000000
8934567.000000
8934567.000000
8934567.000000
8934567.000000
8934567.000000
8934567.000000
8934567.000000
8934567.000000
8934567.000000
8934567.000000
8934567.000000
8934567.000000
8934567.000000
8934567.000000
8934567.000000
8934567.000000
8934567.000000
8934567.000000
8934567.000000
8934567.000000
8934567.000000
8934567.000000
8934567.000000
8934567.000000
8934567.000000
8934567.000000
8934567.000000
8934567.000000
8934567.000000
8934567.000000
8934567.000000
8934567.000000
8934567.000000
    9.934398
    9.975077
    9.991559
    9.996337
   10.038439
   10.089331
   10.075766
   10.096297
   10.087949
8934567.000000
8934567.000000
8934567.000000
8934567.000000
8934567.000000
8934567.000000
8934567.000000
8934567.000000
8934567.000000
8934567.000000
8934567.000000
8934567.000000
8934567.000000
8934567.000000
8934567.000000
8934567.000000
8934567.000000
8934567.000000
8934567.000000
8934567.000000
8934567.000000
8934567.000000
8934567.000000
8934567.000000
    8.768500
    8.762974
    8.790398
    8.794533
    8.823770
    8.845782
    8.855539
    8.843002
    8.805535
    8.788612
    8.788036
8934567.000000
8934567.000000
8934567.000000
8934567.000000
8934567.000000
8934567.000000
8934567.000000
8934567.000000
8934567.000000
8934567.000000
8934567.000000
8934567.000000
8934567.000000
8934567.000000
8934567.000000
8934567.000000
8934567.000000
8934567.000000
   11.035018
   11.110090
   11.157564
   11.176456
   11.163905
   11.171664
   11.191094
   11.197636
   11.215058
   11.248473
   11.258952
   11.277106
   11.262313
   11.264918
   11.265606
   11.289157
   11.300843
8934567.000000
8934567.000000
8934567.000000
8934567.000000
8934567.000000
8934567.000000
8934567.000000
8934567.000000
8934567.000000
8934567.000000
8934567.000000
8934567.000000
8934567.000000
8934567.000000
8934567.000000
8934567.000000
8934567.000000
8934567.000000
8934567.000000
8934567.000000
8934567.000000
   12.630482
   12.663490
   12.693337
   12.724662
   12.747489
   12.769457
   12.730574
   12.712871
   12.735395
   12.814434
   12.867325
   12.871402
   12.900690
8934567.000000
8934567.000000
8934567.000000
8934567.000000
8934567.000000
8934567.000000
8934567.000000
8934567.000000
8934567.000000
8934567.000000
8934567.000000
8934567.000000
8934567.000000
8934567.000000
8934567.000000
8934567.000000
8934567.000000
8934567.000000
8934567.000000
8934567.000000
8934567.000000
8934567.000000
8934567.000000
8934567.000000
8934567.000000
8934567.000000
   13.251099
   13.236072
   13.237313
   13.226592
   13.206123
   13.223785
   13.250045
   13.273265
   13.324790
   13.364697
   13.424085
   13.461532
   13.466157
   13.473809
8934567.000000
8934567.000000
8934567.000000
8934567.000000
8934567.000000
8934567.000000
8934567.000000
8934567.000000
8934567.000000
8934567.000000
8934567.000000
8934567.000000
   11.090912
   11.086783
   11.099272
   11.137457
   11.181570
   11.201926
   11.215195
   11.218190
   11.212922
   11.217511
   11.252913
   11.229984
   11.199080
   11.181698
   11.192413
   11.218845
   11.253204
   11.255648
   11.257983
   11.265410
   11.294770
   11.335178
   11.365617
   11.324029
8934567.000000
8934567.000000
8934567.000000
8934567.000000
8934567.000000
8934567.000000
8934567.000000
8934567.000000
8934567.000000
8934567.000000
8934567.000000
8934567.000000
8934567.000000
8934567.000000
8934567.000000
8934567.000000
8934567.000000
8934567.000000
8934567.000000
8934567.000000
8934567.000000
8934567.000000
8934567.000000
8934567.000000
8934567.000000
8934567.000000
8934567.000000
8934567.000000
8934567.000000
8934567.000000
8934567.000000
8934567.000000
8934567.000000
8934567.000000
8934567.000000
8934567.000000
8934567.000000
8934567.000000
8934567.000000
8934567.000000
8934567.000000
8934567.000000
8934567.000000
8934567.000000
8934567.000000
8934567.000000
8934567.000000
8934567.000000
8934567.000000
8934567.000000
8934567.000000
8934567.000000
8934567.000000
8934567.000000
8934567.000000
8934567.000000
8934567.000000
8934567.000000
8934567.000000
8934567.000000
8934567.000000
8934567.000000
8934567.000000
8934567.000000
8934567.000000
8934567.000000
8934567.000000
8934567.000000
8934567.000000
8934567.000000
8934567.000000
8934567.000000
8934567.000000
8934567.000000
    8.033264
    8.064679
    8.065638
    8.103276
    8.132682
    8.152068
    8.169392
    8.177881
    8.190218
    8.194246
    8.231437
    8.237301
    8.313057
    8.364497
    8.350649
    8.361546
    8.359297
    8.339618
    8.413156
    8.465531
    8.479120
    8.470140
    8.467027
    8.490273
    8.524491
    8.554047
    8.596384
    8.623920
    8.673588
    8.722585
    8.738256
    8.736730
    8.764677
    8.782581
8934567.000000
8934567.000000
    8.791275
    8.808426
    8.835369
    8.851681
    8.905136
    8.949522
    8.987256
    9.020488
    9.050490
    9.071078
    9.098344
    9.123569
    9.155084
    9.211082
    9.192209
    9.199929
    9.227646
    9.246655
    9.280329
    9.293845
    9.289940
    9.303052
    9.302639
    9.316642
    9.369398
    9.385867
    9.410075
    9.410284
    9.438508
    9.446432
    9.452768
    9.448067
    9.471665
    9.479517
8934567.000000
8934567.000000
