
      10552.0000 
      10952.0000 
      11737.0000 
      13005.0000 
      14042.0000 
      14661.0000 
      16263.0000 
      16952.0000 
      19058.9900 
      20817.9900 
      23256.9900 
      26067.9900 
      30117.0000 
      36300.0000 
      44276.9900 
      51375.9900 
      58624.9900 
      64481.9900 
      73095.9900 
      80950.9900 
      92095.9400 
     104315.9000 
     115110.9000 
     129179.9000 
     140299.9000 
     155104.9000 
     168199.9000 
     187109.9000 
     210986.9000 
     235268.9000 
     247425.9000 
     258969.9000 
     267017.9000 
    8934567.0000 
    8934567.0000 
    8934567.0000 
    8934567.0000 
    8934567.0000 
    8934567.0000 
    8934567.0000 
    8934567.0000 
    8934567.0000 
    8934567.0000 
    8934567.0000 
    8934567.0000 
    8934567.0000 
    8934567.0000 
    8934567.0000 
    8934567.0000 
    8934567.0000 
    8934567.0000 
    8934567.0000 
    8934567.0000 
    8934567.0000 
    8934567.0000 
    8934567.0000 
    8934567.0000 
    8934567.0000 
    8934567.0000 
    8934567.0000 
    8934567.0000 
    8934567.0000 
    8934567.0000 
    8934567.0000 
    8934567.0000 
    8934567.0000 
    8934567.0000 
    8934567.0000 
    8934567.0000 
    8934567.0000 
    8934567.0000 
    8934567.0000 
    8934567.0000 
    8934567.0000 
    8934567.0000 
    8934567.0000 
    8934567.0000 
    8934567.0000 
     912467.8000 
    1003586.0000 
    1129451.0000 
    1275790.0000 
    1491047.0000 
    1682259.0000 
    1943962.0000 
    2074522.0000 
    2213172.0000 
    2358969.0000 
    2598379.0000 
    2772577.0000 
    2935355.0000 
    3147233.0000 
    3311543.0000 
    3484404.0000 
    3683638.0000 
    3800542.0000 
    4019541.0000 
    4392399.0000 
    4681143.0000 
    5123854.0000 
    5404397.0000 
    5606428.0000 
      26551.9900 
      27048.9900 
      29505.9900 
      31540.9900 
      33628.9900 
      36804.0000 
      40730.0000 
      43700.9900 
      47069.9900 
      51348.9900 
      54660.9900 
      60060.9900 
      68325.9900 
      79849.9300 
      94422.9300 
     110218.9000 
     125066.9000 
     137784.9000 
     155386.9000 
     174781.9000 
     197821.9000 
     228811.9000 
     254261.9000 
     267252.0000 
     292462.0000 
     313133.0000 
     329001.0000 
     349947.9000 
     382088.9000 
     416897.9000 
     431546.9000 
     444397.9000 
     455991.9000 
     468621.9000 
    8934567.0000 
    8934567.0000 
    8934567.0000 
    8934567.0000 
    8934567.0000 
    8934567.0000 
    8934567.0000 
    8934567.0000 
    8934567.0000 
    8934567.0000 
    8934567.0000 
    8934567.0000 
    8934567.0000 
    8934567.0000 
    8934567.0000 
    8934567.0000 
    8934567.0000 
    8934567.0000 
    8934567.0000 
    8934567.0000 
    8934567.0000 
    8934567.0000 
    8934567.0000 
    8934567.0000 
    8934567.0000 
    8934567.0000 
    8934567.0000 
    8934567.0000 
    8934567.0000 
    8934567.0000 
    8934567.0000 
    8934567.0000 
    8934567.0000 
    8934567.0000 
       9967.9960 
      11345.9900 
      12297.9900 
      13342.9900 
      15163.9900 
      16449.9900 
      17861.0000 
      19153.0000 
      21138.0000 
      23715.0000 
      26169.9900 
      28887.9900 
      33799.9900 
      39284.9900 
      49152.9900 
      59566.9900 
      67490.9400 
      74283.9400 
      83578.9400 
      95124.9400 
     109264.9000 
     122003.9000 
     140864.9000 
     158619.9000 
     172928.0000 
     185475.0000 
     195888.0000 
     214821.9000 
     227110.9000 
     252006.9000 
     269441.9000 
     288181.9000 
     291431.9000 
     288217.9000 
    8934567.0000 
    8934567.0000 
    8934567.0000 
    8934567.0000 
    8934567.0000 
    8934567.0000 
    8934567.0000 
    8934567.0000 
    8934567.0000 
    8934567.0000 
     541201.9000 
     597198.9000 
     670929.9000 
     760855.9000 
     889188.9000 
    1029057.0000 
    1153581.0000 
    1302644.0000 
    1507365.0000 
    1682813.0000 
    1894456.0000 
    2200428.0000 
    2519633.0000 
    2741683.0000 
    2934545.0000 
    3164266.0000 
    3328135.0000 
    3444037.0000 
    3648999.0000 
    3915027.0000 
    4180526.0000 
    4408846.0000 
    4620497.0000 
    4762363.0000 
    8934567.0000 
    8934567.0000 
    8934567.0000 
    8934567.0000 
    8934567.0000 
    8934567.0000 
    8934567.0000 
    8934567.0000 
    8934567.0000 
    8934567.0000 
    8934567.0000 
    8934567.0000 
    8934567.0000 
    8934567.0000 
    8934567.0000 
    8934567.0000 
    8934567.0000 
    8934567.0000 
    8934567.0000 
    8934567.0000 
    8934567.0000 
    8934567.0000 
    8934567.0000 
    8934567.0000 
    8934567.0000 
    8934567.0000 
    8934567.0000 
    8934567.0000 
    8934567.0000 
    8934567.0000 
    8934567.0000 
    8934567.0000 
    8934567.0000 
    8934567.0000 
    8934567.0000 
    8934567.0000 
    8934567.0000 
    8934567.0000 
    8934567.0000 
    8934567.0000 
    8934567.0000 
    8934567.0000 
    8934567.0000 
    8934567.0000 
    8934567.0000 
    8934567.0000 
    8934567.0000 
    8934567.0000 
    8934567.0000 
    8934567.0000 
    8934567.0000 
    8934567.0000 
    8934567.0000 
    8934567.0000 
    8934567.0000 
    8934567.0000 
    8934567.0000 
    8934567.0000 
    8934567.0000 
    8934567.0000 
    8934567.0000 
    8934567.0000 
    8934567.0000 
    8934567.0000 
    8934567.0000 
    8934567.0000 
    8934567.0000 
    8934567.0000 
    8934567.0000 
    8934567.0000 
    8934567.0000 
    8934567.0000 
    8934567.0000 
    8934567.0000 
    8934567.0000 
    8934567.0000 
    8934567.0000 
    8934567.0000 
    8934567.0000 
    8934567.0000 
    8934567.0000 
    8934567.0000 
    8934567.0000 
    8934567.0000 
    8934567.0000 
    8934567.0000 
    8934567.0000 
    8934567.0000 
    8934567.0000 
    8934567.0000 
    8934567.0000 
    8934567.0000 
    8934567.0000 
    8934567.0000 
    8934567.0000 
    8934567.0000 
    8934567.0000 
    8934567.0000 
    8934567.0000 
    8934567.0000 
    8934567.0000 
    8934567.0000 
    8934567.0000 
    8934567.0000 
    8934567.0000 
    8934567.0000 
    8934567.0000 
    8934567.0000 
    8934567.0000 
    8934567.0000 
    8934567.0000 
    8934567.0000 
    8934567.0000 
    8934567.0000 
    8934567.0000 
    8934567.0000 
    8934567.0000 
    8934567.0000 
    8934567.0000 
    8934567.0000 
    8934567.0000 
    8934567.0000 
    8934567.0000 
    8934567.0000 
    8934567.0000 
    8934567.0000 
    8934567.0000 
    8934567.0000 
    8934567.0000 
    8934567.0000 
    8934567.0000 
    8934567.0000 
    8934567.0000 
    8934567.0000 
    8934567.0000 
    8934567.0000 
    8934567.0000 
    8934567.0000 
    8934567.0000 
    8934567.0000 
    8934567.0000 
    8934567.0000 
    8934567.0000 
    8934567.0000 
    8934567.0000 
    8934567.0000 
    8934567.0000 
    8934567.0000 
    8934567.0000 
    8934567.0000 
    8934567.0000 
    8934567.0000 
    8934567.0000 
    8934567.0000 
    8934567.0000 
    8934567.0000 
  291188000.0000 
  359232000.0000 
  426233000.0000 
  492922000.0000 
  551354800.0000 
  606118000.0000 
  666274900.0000 
  730821600.0000 
  798214800.0000 
  877316700.0000 
  974677500.0000 
 1068160000.0000 
 1139184000.0000 
 1135658000.0000 
   10777000.0000 
   12868000.0000 
   14702000.0000 
   17045000.0000 
   19709000.0000 
   22337000.0000 
   25512980.0000 
   29012980.0000 
   34233980.0000 
   39485990.0000 
   45912980.0000 
   51944980.0000 
   60244990.0000 
   74924970.0000 
   93834980.0000 
  108713000.0000 
  123541000.0000 
  135319000.0000 
  147244000.0000 
  157070000.0000 
  169932000.0000 
  181348000.0000 
  190612000.0000 
  199588000.0000 
  209451000.0000 
  220655000.0000 
  230331000.0000 
  236728000.0000 
  247712000.0000 
  263882000.0000 
  279966000.0000 
  296161000.0000 
  307470000.0000 
  313205000.0000 
    8934567.0000 
    8934567.0000 
    8934567.0000 
    8934567.0000 
    8934567.0000 
    8934567.0000 
    8934567.0000 
    8934567.0000 
    8934567.0000 
    8934567.0000 
    8934567.0000 
    8934567.0000 
    8934567.0000 
    8934567.0000 
    8934567.0000 
    8934567.0000 
    8934567.0000 
    8934567.0000 
    8934567.0000 
    8934567.0000 
    8934567.0000 
    8934567.0000 
    8934567.0000 
    8934567.0000 
    8934567.0000 
    8934567.0000 
    8934567.0000 
    8934567.0000 
    8934567.0000 
    8934567.0000 
    8934567.0000 
    8934567.0000 
    8934567.0000 
    8934567.0000 
    8934567.0000 
    8934567.0000 
    8934567.0000 
    8934567.0000 
    8934567.0000 
    8934567.0000 
    8934567.0000 
    8934567.0000 
    8934567.0000 
    8934567.0000 
    8934567.0000 
    8934567.0000 
    8934567.0000 
    8934567.0000 
    8934567.0000 
    8934567.0000 
    8934567.0000 
    8934567.0000 
    8934567.0000 
    8934567.0000 
    8934567.0000 
    8934567.0000 
    8934567.0000 
    8934567.0000 
    8934567.0000 
     285949.9000 
     300349.9000 
     307969.9000 
     313109.9000 
     332489.9000 
     360089.9000 
     369489.9000 
     391539.8000 
     399399.8000 
    8934567.0000 
    8934567.0000 
    8934567.0000 
    8934567.0000 
    8934567.0000 
    8934567.0000 
    8934567.0000 
    8934567.0000 
    8934567.0000 
    8934567.0000 
    8934567.0000 
    8934567.0000 
    8934567.0000 
    8934567.0000 
    8934567.0000 
    8934567.0000 
    8934567.0000 
    8934567.0000 
    8934567.0000 
    8934567.0000 
    8934567.0000 
    8934567.0000 
      20461.9900 
      21794.9900 
      24791.9900 
      29145.9900 
      34019.9900 
      39207.9900 
      42220.9900 
      44654.9900 
      45716.9900 
      46386.9900 
      47679.9900 
    8934567.0000 
    8934567.0000 
    8934567.0000 
    8934567.0000 
    8934567.0000 
    8934567.0000 
    8934567.0000 
    8934567.0000 
    8934567.0000 
    8934567.0000 
    8934567.0000 
    8934567.0000 
    8934567.0000 
    8934567.0000 
    8934567.0000 
    8934567.0000 
      81005.9400 
      95358.9400 
     109049.9000 
     120787.9000 
     125851.9000 
     139987.0000 
     162511.0000 
     182226.0000 
     201712.9000 
     222578.9000 
     238879.9000 
     262780.9000 
     280659.9000 
     300292.9000 
     314872.9000 
     339067.9000 
     358854.9000 
    8934567.0000 
    8934567.0000 
    8934567.0000 
    8934567.0000 
    8934567.0000 
    8934567.0000 
    8934567.0000 
    8934567.0000 
    8934567.0000 
    8934567.0000 
    8934567.0000 
    8934567.0000 
    8934567.0000 
    8934567.0000 
    8934567.0000 
    8934567.0000 
    8934567.0000 
    8934567.0000 
    8934567.0000 
     560036.9000 
     709857.9000 
     926627.8000 
    1174032.0000 
    1447981.0000 
    1785048.0000 
    2163646.0000 
    2734282.0000 
    3340444.0000 
    4113850.0000 
    4752334.0000 
    5311780.0000 
    6056976.0000 
    8934567.0000 
    8934567.0000 
    8934567.0000 
    8934567.0000 
    8934567.0000 
    8934567.0000 
    8934567.0000 
    8934567.0000 
    8934567.0000 
    8934567.0000 
    8934567.0000 
    8934567.0000 
    8934567.0000 
    8934567.0000 
    8934567.0000 
    8934567.0000 
    8934567.0000 
    8934567.0000 
    8934567.0000 
    8934567.0000 
    8934567.0000 
    8934567.0000 
    8934567.0000 
    8934567.0000 
   10973900.0000 
   12501600.0000 
   14424100.0000 
   16136500.0000 
   17759900.0000 
   19431600.0000 
   21892700.0000 
   23744100.0000 
   26309890.0000 
   29253280.0000 
   33103400.0000 
   36620900.0000 
   39236880.0000 
   41842090.0000 
    8934567.0000 
    8934567.0000 
    8934567.0000 
    8934567.0000 
    8934567.0000 
    8934567.0000 
    8934567.0000 
    8934567.0000 
    8934567.0000 
    8934567.0000 
      96269.9400 
     103902.9000 
     112286.9000 
     125710.9000 
     145364.0000 
     165160.0000 
     186517.0000 
     207963.9000 
     231588.9000 
     251722.9000 
     293777.9000 
     322917.9000 
     346656.9000 
     379407.9000 
     413540.9000 
     455075.9000 
     494521.9000 
     523714.9000 
     558299.9000 
     604864.9000 
     690716.9000 
     797090.9000 
     842229.9000 
     859535.9000 
    8934567.0000 
    8934567.0000 
    8934567.0000 
    8934567.0000 
    8934567.0000 
    8934567.0000 
    8934567.0000 
    8934567.0000 
    8934567.0000 
    8934567.0000 
    8934567.0000 
    8934567.0000 
    8934567.0000 
    8934567.0000 
    8934567.0000 
    8934567.0000 
    8934567.0000 
    8934567.0000 
    8934567.0000 
    8934567.0000 
    8934567.0000 
    8934567.0000 
    8934567.0000 
    8934567.0000 
    8934567.0000 
    8934567.0000 
    8934567.0000 
    8934567.0000 
    8934567.0000 
    8934567.0000 
    8934567.0000 
    8934567.0000 
    8934567.0000 
    8934567.0000 
    8934567.0000 
    8934567.0000 
    8934567.0000 
    8934567.0000 
    8934567.0000 
    8934567.0000 
    8934567.0000 
    8934567.0000 
    8934567.0000 
    8934567.0000 
    8934567.0000 
    8934567.0000 
    8934567.0000 
    8934567.0000 
    8934567.0000 
    8934567.0000 
    8934567.0000 
    8934567.0000 
    8934567.0000 
    8934567.0000 
    8934567.0000 
    8934567.0000 
    8934567.0000 
    8934567.0000 
    8934567.0000 
    8934567.0000 
    8934567.0000 
    8934567.0000 
    8934567.0000 
    8934567.0000 
    8934567.0000 
    8934567.0000 
    8934567.0000 
    8934567.0000 
      17675.0000 
      18923.0000 
      19799.0000 
      21072.0000 
      22628.0000 
      24347.0000 
      25879.0000 
      26935.0000 
      28665.0000 
      30493.0000 
      33612.9900 
      36935.9900 
      42578.9900 
      48706.9900 
      56232.9900 
      70185.9300 
      80984.9300 
      91052.9400 
     107286.9000 
     128714.9000 
     151925.9000 
     167623.9000 
     181462.9000 
     194797.9000 
     212049.9000 
     230534.9000 
     250723.0000 
     269719.0000 
     298409.0000 
     332978.0000 
     358072.9000 
     386694.8000 
     417791.8000 
     441240.9000 
     353183.9000 
     368681.9000 
     390941.0000 
     409715.0000 
     445155.9000 
     480054.9000 
     518801.9000 
     555469.9000 
     602988.9000 
     648152.8000 
     704669.8000 
     766626.8000 
     829308.8000 
     935397.8000 
    1020782.0000 
    1123484.0000 
    1236059.0000 
    1361125.0000 
    1522841.0000 
    1699915.0000 
    1896507.0000 
    2116929.0000 
    2261925.0000 
    2419193.0000 
    2673639.0000 
    2842215.0000 
    3013068.0000 
    3165625.0000 
    3419136.0000 
    3645199.0000 
    3892299.0000 
    4064599.0000 
    4323800.0000 
    4509100.0000 
