
         10.5470 
         10.7740 
         10.9860 
         11.1960 
         11.4180 
         11.6480 
         11.8650 
         12.0740 
         12.3000 
         12.5530 
         12.8170 
         13.0670 
         13.3040 
         13.5050 
         13.7230 
         13.8930 
         14.0330 
         14.1920 
         14.3590 
         14.5160 
         14.6950 
         14.9230 
         15.1840 
         15.3930 
         15.5790 
         15.7880 
         16.0180 
         16.2640 
         16.5180 
         16.8030 
         17.0450 
         17.2840 
         17.4890 
         17.6570 
          7.0470 
          7.0870 
          7.1300 
          7.1760 
          7.2240 
          7.2710 
          7.3220 
          7.3770 
          7.4150 
          7.4410 
          7.4670 
          7.5000 
          7.5440 
          7.5860 
          7.5990 
          7.5790 
          7.5660 
          7.5680 
          7.5620 
          7.5490 
          7.5490 
          7.5640 
          7.5710 
          7.5520 
          7.5530 
          7.5580 
          7.5660 
          7.5760 
          7.5960 
          7.6240 
          7.7180 
          7.8230 
          7.8840 
          7.9930 
          9.1540 
          9.1840 
          9.2210 
          9.2900 
          9.3780 
          9.4640 
          9.5280 
          9.5810 
          9.6190 
          9.6460 
          9.6510 
          9.6730 
          9.7090 
          9.7390 
          9.7680 
          9.7950 
          9.8110 
          9.8220 
          9.8300 
          9.8370 
          9.8470 
          9.8530 
          9.8560 
          9.8550 
          9.8550 
          9.8580 
          9.8620 
          9.8700 
          9.9210 
          9.9380 
          9.9670 
         10.0050 
         10.0450 
    8934567.0000 
         17.8700 
         18.2380 
         18.5830 
         18.9310 
         19.2910 
         19.6440 
         20.0150 
         20.3780 
         20.7010 
         21.0010 
         21.2970 
         21.5680 
         21.8010 
         22.0430 
         22.3640 
         22.6970 
         22.9930 
         23.2730 
         23.5170 
         23.7470 
         24.0420 
         24.3420 
         24.5830 
         24.7870 
         24.9790 
         25.1660 
         25.3530 
         25.6170 
         25.9090 
         26.2400 
         26.6130 
         27.0000 
         28.4360 
         28.9470 
          4.5810 
          4.6120 
          4.6480 
          4.6850 
          4.7220 
          4.7600 
          4.8000 
          4.8380 
          4.8650 
          4.8920 
          4.9290 
          4.9630 
          4.9920 
          5.0220 
          5.0450 
          5.0600 
          5.0730 
          5.0880 
          5.1040 
          5.1170 
          5.1230 
          5.1220 
          5.1190 
          5.1140 
          5.1120 
          5.1140 
          5.1210 
          5.1270 
          5.1300 
          5.1330 
          5.1410 
          5.1540 
          5.1710 
          5.1890 
          4.4300 
          4.4610 
          4.4910 
          4.5230 
          4.5490 
          4.5640 
          4.5810 
          4.6060 
          4.6260 
          4.6240 
          4.6060 
          4.6120 
          4.6400 
          4.6660 
          4.6910 
          4.7120 
          4.7260 
          4.7390 
          4.7530 
          4.7650 
          4.7790 
          4.8000 
          4.8270 
          4.8560 
          4.8820 
          4.9020 
          4.9180 
          4.9320 
          4.9470 
          4.9640 
          4.9860 
          5.0290 
          5.0420 
          5.0660 
         45.6840 
         46.1630 
         46.9980 
         47.8160 
         48.3100 
         48.7580 
         49.1640 
         49.5480 
         49.9160 
         50.3180 
         50.7720 
         51.2510 
         51.7010 
         52.1190 
         52.4610 
         52.6990 
         52.9090 
         53.1450 
         53.3760 
         53.6060 
         53.8800 
         54.1820 
         54.4930 
         54.7720 
         55.0260 
         55.2840 
         55.5470 
         55.8240 
         56.1180 
         56.4230 
         56.7350 
         57.0550 
         57.3740 
         57.6670 
         55.5850 
         56.1750 
         56.8370 
         57.3890 
         57.9710 
         58.6190 
         59.1480 
         59.2860 
         59.5000 
         60.0670 
         60.6510 
         61.3020 
         61.6720 
         61.9760 
         62.0540 
         61.8290 
         61.5310 
         61.4000 
         61.3270 
         61.3590 
         61.5660 
         61.6820 
         61.6380 
         61.4230 
         61.1750 
         61.0240 
         61.0660 
         61.0770 
         61.4500 
         62.0630 
         63.2540 
         79.9840 
         80.5940 
         81.1790 
          8.3270 
          8.3980 
          8.4480 
          8.4800 
          8.5100 
          8.5510 
          8.6140 
          8.7160 
          8.7410 
          8.7730 
          8.7930 
          8.8310 
          8.8890 
          8.9290 
          8.9620 
          9.0460 
          9.1670 
          9.3090 
          9.4300 
          9.5480 
          9.6420 
          9.7300 
          9.7900 
          9.8470 
          9.9000 
          9.9340 
          9.9640 
          9.9840 
         10.0050 
         10.0380 
         10.0890 
         10.2000 
         10.3220 
         10.3800 
          0.1759 
          0.1789 
          0.1821 
          0.1855 
          0.1888 
          0.1923 
          0.1956 
          0.1988 
          0.2015 
          0.2034 
          0.2045 
          0.2062 
          0.2092 
          0.2123 
          0.2152 
          0.2180 
          0.2202 
          0.2218 
          0.2235 
          0.2257 
          0.2281 
          0.2308 
          0.2340 
          0.2370 
          0.2395 
          0.2414 
          0.2432 
          0.2460 
          0.2499 
          0.2527 
          0.2548 
          0.2580 
          0.2611 
          0.2638 
          2.8340 
          2.8190 
          2.8300 
          2.8500 
          2.8640 
          2.8760 
          2.8840 
          2.9000 
          2.9130 
          2.9260 
          2.9500 
          2.9780 
          3.0240 
          3.0730 
          3.1240 
          3.1770 
          3.2280 
          3.2720 
          3.3140 
          3.3680 
          3.4010 
          3.4430 
          3.4800 
          3.5050 
          3.5290 
          3.5400 
          3.5410 
          3.5430 
          3.5380 
          3.5150 
          3.5030 
          3.5240 
          3.5490 
          3.5630 
         50.1980 
         50.5240 
         50.8440 
         51.1990 
         51.6010 
         51.9880 
         52.3320 
         52.6670 
         52.9870 
         53.3170 
         53.6610 
         54.0150 
         54.4000 
         54.7790 
         55.1300 
         55.4410 
         55.7010 
         55.7300 
         56.1270 
         56.2920 
         56.4160 
         56.5030 
         56.6390 
         56.8250 
         56.9830 
         57.1280 
         57.2210 
         57.3310 
         57.4410 
         57.5250 
         56.7370 
         56.7600 
         56.8590 
         57.0700 
         93.2600 
         94.0900 
         94.9800 
         95.9000 
         96.8900 
         97.9500 
         98.8600 
         99.9200 
        101.0700 
        102.3200 
        103.7200 
        104.7500 
        106.1800 
        108.6600 
        110.1580 
        111.5200 
        112.7680 
        113.8800 
        114.9200 
        115.8800 
        116.8000 
        117.6500 
        118.4500 
        119.2600 
        120.0200 
        120.7500 
        121.4900 
        122.0900 
        122.6100 
        123.1200 
        123.5400 
        123.9200 
        124.3200 
        124.6700 
          0.3150 
          0.3190 
          0.3230 
          0.3260 
          0.3300 
          0.3330 
          0.3350 
          0.3350 
          0.3370 
          0.3390 
          0.3400 
          0.3450 
          0.3480 
          0.3530 
          0.3570 
          0.3610 
          0.3610 
          0.3620 
          0.3620 
          0.3640 
          0.3650 
          0.3660 
          0.3660 
          0.3660 
          0.3660 
          0.3670 
          0.3700 
          0.3720 
          0.3750 
          0.3780 
          0.3820 
          0.3900 
          0.3900 
          0.3800 
         11.4860 
         11.6390 
         11.8060 
         11.9660 
         12.1270 
         12.2950 
         12.4560 
         12.5980 
         12.7300 
         12.8780 
         13.0390 
         13.1940 
         13.3290 
         13.4390 
         13.5450 
         13.6660 
         13.7740 
         13.8560 
         13.9420 
         14.0380 
         14.1500 
         14.2470 
         14.3130 
         14.3670 
         14.4240 
         14.4910 
         14.5720 
         14.6650 
         14.7600 
         14.8490 
         14.9510 
         15.0700 
         15.1840 
         15.3000 
          2.3770 
          2.4270 
          2.4850 
          2.5370 
          2.5890 
          2.6350 
          2.6830 
          2.7280 
          2.7540 
          2.7800 
          2.8200 
          2.8640 
          2.9130 
          2.9710 
          3.0320 
          3.0870 
          3.1160 
          3.1280 
          3.1290 
          3.1380 
          3.1440 
          3.1570 
          3.1830 
          3.2260 
          3.2580 
          3.2720 
          3.2770 
          3.3040 
          3.3170 
          3.3300 
          3.3630 
          3.4060 
          3.4430 
          3.4800 
          3.5850 
          3.6150 
          3.6390 
          3.6670 
          3.6940 
          3.7230 
          3.7530 
          3.7850 
          3.8190 
          3.8510 
          3.8790 
          3.9030 
          3.9330 
          3.9610 
          3.9850 
          4.0070 
          4.0260 
          4.0430 
          4.0590 
          4.0730 
          4.0860 
          4.1000 
          4.1150 
          4.1280 
          4.1400 
          4.1530 
          4.1690 
          4.1870 
          4.2090 
          4.2270 
          4.2410 
          4.2620 
          4.2870 
          4.3120 
          9.0770 
          8.9860 
          9.0540 
          9.1090 
          9.1360 
          9.1220 
          9.0960 
          8.7550 
          8.7640 
          8.7210 
          8.6630 
          8.6240 
          8.6370 
          8.6300 
          8.8790 
          9.3080 
          9.4030 
          9.5080 
          9.6090 
          9.7240 
          9.8190 
          9.8510 
          9.8770 
          9.8920 
          9.9040 
          9.9050 
          9.9030 
          9.8980 
          9.8890 
          9.7950 
          9.8080 
          9.8470 
          9.8530 
          9.8740 
         30.3030 
         30.5920 
         30.9170 
         31.2460 
         31.5780 
         31.9130 
         32.2530 
         32.5950 
         32.9420 
         33.2920 
         33.6460 
         34.1900 
         34.4980 
         34.8100 
         35.1470 
         35.5150 
         35.9370 
         36.3670 
         36.7780 
         37.1080 
         37.3860 
         37.7410 
         37.9440 
         38.1230 
         38.2790 
         38.4190 
         38.5370 
         38.6320 
         38.7170 
         38.7920 
         38.8510 
         38.9200 
         39.0080 
         39.0860 
          7.4800 
          7.5200 
          7.5620 
          7.6040 
          7.6610 
          7.7340 
          7.8080 
          7.8680 
          7.9120 
          7.9680 
          8.0430 
          8.0980 
          8.1220 
          8.1370 
          8.1610 
          8.1920 
          8.2220 
          8.2510 
          8.2750 
          8.2940 
          8.3110 
          8.3200 
          8.3250 
          8.3290 
          8.3370 
          8.3500 
          8.3700 
          8.3980 
          8.4360 
          8.4930 
          8.5910 
          8.6440 
          8.6680 
          8.7180 
          5.4290 
          5.4340 
          5.5740 
          5.6940 
          5.7890 
          5.8570 
          5.9180 
          5.9920 
          6.0680 
          6.1370 
          6.2700 
          6.3430 
          6.4010 
          6.4410 
          6.4600 
          6.4040 
          6.3330 
          6.3160 
          6.3330 
          6.3510 
          6.3850 
          6.4290 
          6.4670 
          6.4820 
          6.5050 
          6.5330 
          6.5730 
          6.6190 
          6.6720 
          6.6470 
          6.7120 
          6.8000 
          6.8750 
          6.9380 
         27.7550 
         28.4470 
         29.1560 
         29.8830 
         30.6280 
         31.3910 
         32.1920 
         33.0130 
         33.8550 
         34.7190 
         35.6050 
         36.5540 
         37.5020 
         38.4510 
         39.3990 
         40.3480 
         40.9250 
         41.8350 
         42.7740 
         43.7410 
         44.7370 
         45.8640 
         47.0200 
         48.2050 
         49.4200 
         50.6640 
         51.6300 
         52.7470 
         53.9700 
         55.2550 
         56.5700 
         57.3060 
         58.4000 
         59.4900 
         52.3730 
         52.8070 
         53.2920 
         53.6250 
         53.9910 
         54.3500 
         54.6430 
         54.9590 
         55.2140 
         55.4610 
         55.6320 
         55.9070 
         56.0790 
         56.2100 
         56.2240 
         56.2150 
         56.2060 
         56.1790 
         56.1670 
         56.2270 
         56.3140 
         56.3790 
         56.3350 
         56.3770 
         56.4880 
         56.6180 
         56.7630 
         56.9300 
         57.0650 
         57.2360 
         57.4110 
         57.8080 
         58.0070 
         58.1910 
        180.6710 
        183.6910 
        186.5380 
        189.2420 
        191.8890 
        194.3030 
        196.5600 
        198.7120 
        200.7060 
        202.6770 
        205.0520 
        207.6610 
        209.8960 
        211.9090 
        213.8540 
        215.9730 
        218.0350 
        220.2390 
        222.5850 
        225.0560 
        227.7260 
        229.9660 
        232.1880 
        234.3070 
        236.3480 
        238.4660 
        240.6510 
        242.8040 
        245.0210 
        247.3420 
        249.9110 
        252.6430 
        255.4177 
        258.1200 
