
      71226.9400 
      73055.9400 
      77536.9400 
      82494.9400 
      86319.9400 
      88942.9400 
      93314.9400 
      98455.9400 
     103620.9000 
     109770.9000 
     114344.9000 
     119030.9000 
     125670.9000 
     132515.9000 
     137193.9000 
     141728.9000 
     145272.9000 
     147842.9000 
     153062.9000 
     157179.9000 
     163603.9000 
     170339.9000 
     172462.9000 
     176852.9000 
     183114.9000 
     189993.9000 
     191258.9000 
     199073.9000 
     208069.9000 
     217816.9000 
     219975.9000 
     225539.9000 
     231242.9000 
     237715.9000 
     359388.9000 
     377803.9000 
     390389.9000 
     411974.9000 
     426097.9000 
     447138.9000 
     466513.9000 
     482814.9000 
     502158.9000 
     516825.9000 
     538346.9000 
     574514.9000 
     609445.9000 
     642183.9000 
     661398.9000 
     682876.9000 
     713908.9000 
     752814.9000 
     741698.9000 
     774382.9000 
     786070.9000 
     788577.9000 
     798111.9000 
     837860.9000 
     837221.9000 
     857180.9000 
     872331.9000 
     899729.9000 
     932162.9000 
     964440.9000 
     999180.9000 
    1028554.0000 
    1048571.0000 
    1050465.0000 
    1459454.0000 
    1483391.0000 
    1541648.0000 
    1610227.0000 
    1652272.0000 
    1722776.0000 
    1768486.0000 
    1818743.0000 
    1915748.0000 
    2018300.0000 
    2106443.0000 
    2206275.0000 
    2337746.0000 
    2518973.0000 
    2584515.0000 
    2600949.0000 
    2726520.0000 
    2791780.0000 
    2855897.0000 
    2993792.0000 
    3053064.0000 
    3018531.0000 
    3058898.0000 
    3009925.0000 
    3046326.0000 
    3105121.0000 
    3176851.0000 
    3273145.0000 
    3364708.0000 
    3491575.0000 
    3584899.0000 
    3698760.0000 
    3796498.0000 
    3758109.0000 
     100137.8000 
     101352.4000 
     106653.2000 
     111396.4000 
     117743.1000 
     124935.3000 
     131527.9000 
     136771.3000 
     142705.6000 
     150240.7000 
     153237.9000 
     162353.9000 
     174483.9000 
     187482.9000 
     198345.9000 
     207672.9000 
     221156.9000 
     228032.9000 
     235790.9000 
     242585.9000 
     247917.9000 
     253658.9000 
     246982.9000 
     255566.9000 
     267523.9000 
     281315.9000 
     293488.9000 
     306163.9000 
     319744.9000 
     330181.9000 
     333338.9000 
     328289.9000 
     332907.9000 
     338534.9000 
     119728.9000 
     128517.9000 
     136102.9000 
     136139.9000 
     146819.9000 
     151861.9000 
     158353.9000 
     162968.9000 
     166105.9000 
     176558.9000 
     182750.9000 
     181371.9000 
     184367.9000 
     193304.9000 
     187771.9000 
     194674.9000 
     209995.9000 
     212271.9000 
     213860.9000 
     216803.9000 
     208813.9000 
     203991.9000 
     206946.9000 
     212291.9000 
     219468.9000 
     230364.9000 
     243582.9000 
     239928.9000 
     237480.9000 
     236538.9000 
     236643.9000 
     239428.9000 
     242059.9000 
     247774.9000 
      86149.9400 
      92722.9400 
      98298.9400 
     102638.9000 
     108304.9000 
     114355.9000 
     117270.9000 
     119740.9000 
     119820.9000 
     132679.9000 
     142727.9000 
     145119.9000 
     157284.9000 
     166642.9000 
     169607.9000 
     174946.9000 
     176466.9000 
     174690.9000 
     178881.9000 
     187837.9000 
     191932.9000 
     194486.9000 
     204005.9000 
     210289.9000 
     216905.9000 
     225001.9000 
     233999.9000 
     246162.9000 
     258820.9000 
     269878.9000 
     269753.9000 
     260030.9000 
     247362.9000 
     237792.9000 
     696953.9000 
     738388.9000 
     790536.9000 
     845062.9000 
     892648.9000 
     928433.9000 
     973308.9000 
    1022892.0000 
    1063575.0000 
    1127763.0000 
    1175835.0000 
    1233891.0000 
    1294738.0000 
    1363695.0000 
    1380183.0000 
    1419468.0000 
    1488640.0000 
    1529415.0000 
    1585875.0000 
    1633752.0000 
    1653310.0000 
    1687224.0000 
    1745529.0000 
    1761575.0000 
    1780451.0000 
    1823158.0000 
    1894290.0000 
    1948458.0000 
    2012058.0000 
    2073623.0000 
    2129871.0000 
    2159317.0000 
    2187519.0000 
    2199780.0000 
     487929.9000 
     517669.9000 
     547019.9000 
     562329.9000 
     592399.9000 
     633029.9000 
     652779.9000 
     660259.9000 
     691279.9000 
     746399.9000 
     803799.9000 
     847969.9000 
     887459.9000 
     913629.9000 
     918129.9000 
     947049.9000 
     984259.9000 
    1028940.0000 
    1066879.0000 
    1102199.0000 
    1115899.0000 
    1109179.0000 
    1094489.0000 
    1110589.0000 
    1130549.0000 
    1150049.0000 
    1189949.0000 
    1230609.0000 
    1264339.0000 
    1300149.0000 
    1370009.0000 
    1448769.0000 
    1480419.0000 
    1483009.0000 
    1459454.0000 
    1483391.0000 
    1541648.0000 
    1610227.0000 
    1652272.0000 
    1722776.0000 
    1768486.0000 
    1818743.0000 
    1915748.0000 
    2018300.0000 
    2106443.0000 
    2206275.0000 
    2337746.0000 
    2518973.0000 
    2584515.0000 
    2600949.0000 
    2726520.0000 
    2791780.0000 
    2855897.0000 
    2993792.0000 
    3053064.0000 
    3018531.0000 
    3058898.0000 
    3009925.0000 
    3046326.0000 
    3105121.0000 
    3176851.0000 
    3273145.0000 
    3364708.0000 
    3491575.0000 
    3584899.0000 
    3698760.0000 
    3796498.0000 
    3758109.0000 
      54298.0000 
      54160.0000 
      60078.0000 
      66882.9400 
      72888.9400 
      78472.9400 
      88910.9400 
      90259.9400 
      85424.9400 
      81063.9400 
      94053.9400 
     110190.9000 
     118198.9000 
     124499.9000 
     137268.9000 
     124080.9000 
     130808.9000 
     147697.9000 
     160936.9000 
     165483.9000 
     171079.9000 
     181646.9000 
     190635.9000 
     179903.9000 
     186562.9000 
     194450.9000 
     207878.9000 
     241504.9000 
     232313.9000 
     222627.9000 
     223728.9000 
     232977.9000 
     222644.9000 
     212695.9000 
       5384.8980 
       5553.4960 
       5745.9960 
       5989.7970 
       6244.5980 
       6295.8980 
       6389.3980 
       6629.3980 
       7223.2970 
       7611.8980 
       7533.7970 
       7777.6990 
       8178.1990 
       8765.1990 
       8909.1990 
       8982.5980 
       9236.7970 
       9862.0980 
      10760.7000 
      11237.8000 
      11286.0000 
      11477.7000 
      10667.6000 
      10758.5000 
      10974.7000 
      11478.6000 
      11709.6000 
      12098.9000 
      12636.0000 
      13631.4000 
      13805.6000 
      14161.2000 
      14572.9000 
      14740.6000 
  162607400.0000 
  174767900.0000 
  187251700.0000 
  204615200.0000 
  211396400.0000 
  218291800.0000 
  233924200.0000 
  251194800.0000 
  264178200.0000 
  281603600.0000 
  303023900.0000 
  313492000.0000 
  323807000.0000 
  346617300.0000 
  359451600.0000 
  360129500.0000 
  378242300.0000 
  390681600.0000 
  402876900.0000 
  431539200.0000 
  458153000.0000 
  466137900.0000 
  470297900.0000 
  472972800.0000 
  483228900.0000 
  498047700.0000 
  519788800.0000 
  542938900.0000 
  567824900.0000 
  588426800.0000 
  605499900.0000 
  621263900.0000 
  631926800.0000 
  612928800.0000 
   42832140.0000 
   47287620.0000 
   50856860.0000 
   55328560.0000 
   61293890.0000 
   64824960.0000 
   71325970.0000 
   78738670.0000 
   85459500.0000 
   94299900.0000 
  101288000.0000 
  106960000.0000 
  116664000.0000 
  127249000.0000 
  127146000.0000 
  132897000.0000 
  137020000.0000 
  142656000.0000 
  150404000.0000 
  160211000.0000 
  161925000.0000 
  164476000.0000 
  171738000.0000 
  177661000.0000 
  182529000.0000 
  188703000.0000 
  195079000.0000 
  203336000.0000 
  213983000.0000 
  223174000.0000 
  231948000.0000 
  237027000.0000 
  241024000.0000 
  243484000.0000 
      59803.0000 
      62768.0000 
      65546.9400 
      68551.9400 
      74852.9400 
      77855.9400 
      79121.9400 
      79100.9400 
      82501.9400 
      86801.9400 
      92121.9400 
      97297.9400 
     102010.9000 
     107882.9000 
     112736.9000 
     118682.9000 
     122408.9000 
     125206.9000 
     128899.9000 
     133452.9000 
     137205.9000 
     139591.9000 
     140141.9000 
     140831.9000 
     142867.9000 
     146665.9000 
     151584.9000 
     159178.9000 
     165326.9000 
     171724.9000 
     178579.9000 
     190214.9000 
     193488.9000 
     193879.9000 
     102032.9000 
     101905.9000 
     113926.9000 
     121952.9000 
     129143.9000 
     138803.9000 
     143215.9000 
     151005.9000 
     160956.9000 
     173667.9000 
     186507.9000 
     192666.9000 
     199412.9000 
     207384.9000 
     215062.9000 
     222153.9000 
     233933.9000 
     244691.9000 
     255282.9000 
     262884.9000 
     262910.9000 
     256304.9000 
     253302.9000 
     255512.9000 
     258068.9000 
     264379.9000 
     271249.9000 
     278669.9000 
     281019.9000 
     290819.9000 
     303099.9000 
     312489.9000 
     320459.9000 
     322729.9000 
      11873.0000 
      12060.0000 
      12520.0000 
      13391.0000 
      13877.0000 
      14675.0000 
      15291.0000 
      14663.0000 
      15018.0000 
      15850.0000 
      16593.0000 
      16667.0000 
      17844.0000 
      19352.0000 
      20129.0000 
      19980.0000 
      19326.0000 
      18699.0000 
      19033.0000 
      18943.0000 
      18898.0000 
      19284.0000 
      19018.0000 
      19605.0000 
      20363.0000 
      20643.0000 
      21571.0000 
      21907.0000 
      22327.0000 
      22443.0000 
      22398.0000 
      22049.0000 
      22118.0000 
      22794.0000 
     136751.9000 
     144724.9000 
     149178.9000 
     154230.9000 
     159991.9000 
     163927.9000 
     169816.9000 
     176331.9000 
     182805.9000 
     196833.9000 
     196814.9000 
     205831.9000 
     211921.9000 
     218052.9000 
     226460.9000 
     238064.9000 
     252532.9000 
     270037.9000 
     265642.9000 
     274178.9000 
     280616.9000 
     283815.9000 
     288826.9000 
     293192.9000 
     301151.9000 
     330998.9000 
     349530.9000 
     346080.9000 
     336332.9000 
     327023.9000 
     336064.9000 
     335961.9000 
     342065.9000 
     339057.9000 
    1027831.0000 
    1097108.0000 
    1120498.0000 
    1196077.0000 
    1179158.0000 
    1232743.0000 
    1244084.0000 
    1305180.0000 
    1652774.0000 
    1726029.0000 
    1771675.0000 
    1996351.0000 
    2076746.0000 
    2326429.0000 
    2553002.0000 
    2530411.0000 
    2618969.0000 
    2634680.0000 
    2580876.0000 
    2580813.0000 
    2677276.0000 
    2754947.0000 
    2819742.0000 
    2779301.0000 
    2697448.0000 
    2715684.0000 
    2867513.0000 
    3040476.0000 
    3213844.0000 
    3330000.0000 
    3561390.0000 
    3732899.0000 
    3871799.0000 
    3886599.0000 
    6615999.0000 
    7343099.0000 
    7988599.0000 
    8891299.0000 
    9272099.0000 
    9902299.0000 
   10617200.0000 
   11256400.0000 
   11929100.0000 
   12782900.0000 
   13379100.0000 
   14061500.0000 
   15228600.0000 
   16416400.0000 
   17253580.0000 
   17564190.0000 
   18547790.0000 
   18825980.0000 
   18995490.0000 
   19242380.0000 
   19357890.0000 
   19113180.0000 
   19092100.0000 
   19146590.0000 
   19106290.0000 
   19781180.0000 
   20437700.0000 
   21621890.0000 
   22683700.0000 
   23965890.0000 
   24838590.0000 
   25544780.0000 
   26092290.0000 
   25561790.0000 
     351509.9000 
     370207.9000 
     382469.9000 
     399370.9000 
     415384.9000 
     433033.9000 
     441423.9000 
     451506.9000 
     470084.9000 
     490934.9000 
     508093.9000 
     508546.9000 
     525997.9000 
     539566.9000 
     557783.9000 
     573392.9000 
     597221.9000 
     591020.9000 
     586837.9000 
     601015.9000 
     596209.9000 
     593247.9000 
     596633.9000 
     582347.9000 
     590790.9000 
     606660.9000 
     636158.9000 
     666840.9000 
     684265.9000 
     693642.9000 
     692667.9000 
     700230.9000 
     690422.9000 
     665094.9000 
      79473.9400 
      84885.9400 
      90308.9400 
      94675.9400 
      99136.9400 
     102576.9000 
     105640.9000 
     108727.9000 
     112942.9000 
     119105.9000 
     125503.9000 
     131478.9000 
     138627.9000 
     142454.9000 
     141761.9000 
     137617.9000 
     139085.9000 
     143299.9000 
     146480.9000 
     148347.9000 
     152244.9000 
     153010.9000 
     152975.9000 
     155547.9000 
     157971.9000 
     160255.9000 
     164773.9000 
     168195.9000 
     171813.9000 
     175643.9000 
     178299.9000 
     180920.9000 
     180611.9000 
     179163.9000 
   16139310.0000 
   16295950.0000 
   17567410.0000 
   19310290.0000 
   19499170.0000 
   19997680.0000 
   21819490.0000 
   22494220.0000 
   24131980.0000 
   25409780.0000 
   25976990.0000 
   28316990.0000 
   30143980.0000 
   30581980.0000 
   28202990.0000 
   30554990.0000 
   33456990.0000 
   40023980.0000 
   40813980.0000 
   40324990.0000 
   42702990.0000 
   39458990.0000 
   42165980.0000 
   45006990.0000 
   48653980.0000 
   48357980.0000 
   51178990.0000 
   51017980.0000 
   51637980.0000 
   51104990.0000 
   57802990.0000 
   58912990.0000 
   60863980.0000 
   65167980.0000 
     155758.9000 
     159200.9000 
     162903.9000 
     169809.9000 
     174984.9000 
     177599.9000 
     180689.9000 
     185050.9000 
     190205.9000 
     191369.9000 
     196914.9000 
     203144.9000 
     215701.9000 
     227505.9000 
     224211.9000 
     223447.9000 
     224522.9000 
     223749.9000 
     235707.9000 
     245988.9000 
     245882.9000 
     246137.9000 
     248498.9000 
     259750.9000 
     264990.9000 
     275165.9000 
     294011.9000 
     309578.9000 
     332858.9000 
     343570.9000 
     345649.9000 
     337985.9000 
     338084.9000 
     346760.9000 
    1103777.0000 
    1129421.0000 
    1180218.0000 
    1224325.0000 
    1293445.0000 
    1367467.0000 
    1438953.0000 
    1482402.0000 
    1560116.0000 
    1617425.0000 
    1653657.0000 
    1708850.0000 
    1806632.0000 
    1889399.0000 
    1873245.0000 
    1910400.0000 
    2011610.0000 
    2092386.0000 
    2177711.0000 
    2226647.0000 
    2221192.0000 
    2249411.0000 
    2270599.0000 
    2371809.0000 
    2489308.0000 
    2598434.0000 
    2696328.0000 
    2773371.0000 
    2879225.0000 
    2938999.0000 
    2984499.0000 
    2977299.0000 
    3066199.0000 
    3173799.0000 
